Task 5

---------------------------------------------------------------------------------------------------------------------------------------------------------
PCA

Enter the reduction that you would like to perform 
 1.PCA 2.SVD 3.LDA : 1

Enter the value of k 5

PCA for Location:  colosseum  Model:  LBP3x3

Total Variance Accounted for:  53.52529292519709


Latent Semantic Term - Weight Pairs: 
k =  0 => [-0.15557614 -0.09161854 -0.16452195 -0.13532415 -0.14316904 -0.16117163
 -0.12205958 -0.12855209 -0.13176371 -0.14921066 -0.15792808 -0.13905969
 -0.14302087 -0.1021754  -0.06416244  0.17263648 -0.15763012 -0.08382635
 -0.1542003  -0.1443255  -0.16657714 -0.16478468 -0.11712691 -0.14085347
 -0.15004472 -0.15929024 -0.15574391 -0.16689419 -0.15952476 -0.1032798
 -0.06142973  0.17896844 -0.0774512  -0.02839384 -0.11159775 -0.07976394
 -0.09690236 -0.08328365 -0.12233469 -0.0898382  -0.07625597 -0.10134212
 -0.07657159 -0.09756131 -0.08436657 -0.08491969 -0.03550059  0.12280235
  0.00149322  0.04389984 -0.07511608 -0.02400387 -0.04308267 -0.03798099
 -0.0716827  -0.04905898 -0.03088531 -0.07781652 -0.02959079 -0.0400828
  0.00100605 -0.07414682  0.02272406  0.04885474  0.03875941  0.06762892
 -0.05097659  0.01738519 -0.04848862 -0.0120265  -0.06506499 -0.0207826
 -0.02031204 -0.08536276  0.01209649 -0.04045785  0.02078938 -0.07012775
  0.07100206  0.02699357  0.07152968  0.07105348 -0.03120256 -0.00187928
  0.01944877  0.03190925 -0.05165973 -0.04149408  0.02677894 -0.03679659
  0.03716533  0.02197651  0.0356362  -0.04565871  0.03174283 -0.02416233
  0.0864168   0.04582088 -0.04473428  0.04615364 -0.03399384  0.04672003
 -0.04025989  0.02822775  0.05063859 -0.052127    0.05200192 -0.01927066
  0.06742466 -0.07786347  0.05895534 -0.0322097   0.08744801  0.01496147
  0.02895244  0.04833638 -0.00475351  0.08104653 -0.02624626  0.041627
  0.03814426 -0.04693123  0.08358341  0.00129811  0.05244405 -0.03471221
  0.02225732 -0.04958936  0.10466643  0.05188162  0.00946464  0.04845856
 -0.00686192  0.07718552 -0.06477112  0.03104946  0.06200564 -0.04967917
  0.08398423  0.00658286  0.07250304 -0.03178186  0.03316423 -0.05847018]
k =  1 => [-0.08683229 -0.0838303   0.01051422 -0.09693115 -0.03584432 -0.05477172
 -0.00272103 -0.0879697  -0.09333165 -0.04166647 -0.05307583 -0.05308039
 -0.09240831  0.07128589 -0.05518782  0.06194813 -0.06775548 -0.06160311
  0.0563695  -0.07196755 -0.03605765 -0.05730324  0.07015029 -0.06619761
 -0.08628837 -0.02536169 -0.0473946  -0.0482372  -0.06295603  0.07413623
 -0.00933991  0.02686395 -0.04751985 -0.02903034  0.04530556 -0.03686833
 -0.03656577 -0.04689989  0.04607384 -0.03150077 -0.06407103  0.01460609
 -0.04537864 -0.03794761 -0.03909154  0.0778942  -0.03420471  0.02276221
 -0.13060686 -0.07687871  0.03676968 -0.14570719 -0.05694039 -0.09991078
  0.04945032 -0.13161831 -0.15262238 -0.01136336 -0.11891876 -0.07208053
 -0.15343852  0.0846299  -0.10368588  0.10716102 -0.14376215 -0.05507246
  0.0613108  -0.13200386 -0.05826736 -0.13741356  0.09383258 -0.12449355
 -0.16183507  0.01990824 -0.13091246 -0.06490036 -0.14158273  0.09262665
 -0.04538361  0.10711982 -0.04812994 -0.01210397  0.04928089 -0.07699943
 -0.01026002 -0.0833746   0.03575251 -0.11526664 -0.10521279  0.07086292
 -0.08367413 -0.01112903 -0.0655916   0.08434937 -0.0299153   0.01948549
 -0.11500272 -0.00239432 -0.04408997 -0.09612737 -0.04226755 -0.12399351
  0.03002749 -0.10468589 -0.13730858  0.01117474 -0.12991041 -0.05452664
 -0.11123635 -0.0061143  -0.03464862  0.11726412 -0.12649704  0.03225309
 -0.00749756 -0.13234812 -0.04019018 -0.13928639  0.04916905 -0.14397378
 -0.17515683 -0.00410379 -0.14445884 -0.05815614 -0.16449513  0.02125621
 -0.00142093  0.1105144  -0.08660724  0.0132915  -0.05181372 -0.10825073
 -0.03910381 -0.12652754 -0.00462369 -0.15098789 -0.15715576 -0.01415127
 -0.12686333 -0.04555822 -0.10475786  0.01014268  0.01985888  0.09629942]
k =  2 => [ 5.04713891e-02  3.11844623e-02  3.63510650e-02  5.61233183e-02
  2.51748391e-02  6.75918172e-02 -9.95560581e-03  8.65657979e-02
  1.18400491e-01  8.58529509e-03  9.15387509e-02  3.06025471e-02
  1.06576018e-01 -2.99745563e-03  4.43870019e-02 -5.51790007e-02
 -4.37762602e-02 -3.64301192e-02 -4.68577410e-02 -2.79511707e-02
  5.63643143e-03 -2.06357997e-02  1.01818064e-03  1.03688814e-02
  3.40923661e-02  2.04139274e-02 -1.59308303e-02 -5.34023377e-03
  8.98815957e-05 -1.01692985e-02  6.44181691e-03  1.86494161e-02
 -2.02962829e-01 -1.04503268e-01 -1.39165263e-01 -1.58898664e-01
 -1.71634023e-01 -1.95891407e-01 -6.90112006e-03 -1.38952430e-01
 -1.98968086e-01 -1.35435158e-01 -1.84358087e-01 -1.82047598e-01
 -1.95237405e-01 -1.07413317e-01  7.32093168e-02  1.76005319e-01
  8.78217313e-02  5.94382871e-02  6.62588992e-02  8.12662722e-02
  2.64739605e-02  7.90855375e-02  3.73823806e-02  5.80645454e-02
  1.11242982e-01  2.29818508e-02  9.37882515e-02  2.92468554e-02
  1.23145569e-01  3.21054144e-02  6.13291857e-02 -1.09215340e-01
 -3.41836344e-02  1.89432275e-02 -5.74626280e-02  2.20348440e-02
  3.25882906e-02 -2.74124680e-02  3.52151811e-02  4.40598688e-02
  5.56285434e-02  7.81059699e-02 -3.74212836e-02  3.21239157e-02
  5.20841074e-02  7.80729013e-03 -2.14551812e-02 -2.11491922e-02
 -1.90069596e-01 -4.31294880e-02 -1.12249134e-01 -1.69536682e-01
 -1.08416106e-01 -1.77216500e-01  7.48632546e-02 -6.45408089e-02
 -1.71271016e-01 -2.94063943e-02 -1.83055439e-01 -1.32588259e-01
 -2.01172782e-01 -7.23719793e-02  2.84012680e-02  1.79258572e-01
  5.42008106e-02  5.38913658e-02  7.49823077e-03  6.84872461e-02
  7.48359233e-02  9.64913953e-03 -1.78795609e-04  1.15871331e-02
  4.48145995e-02  3.30822117e-02  2.15472406e-03  5.61449432e-02
  8.28800696e-02 -3.87215779e-03  7.49724634e-02 -9.03037772e-02
 -1.18209922e-02  5.93044002e-02 -6.15330785e-02  7.49975005e-04
  5.06765315e-02 -5.97461454e-02  2.58459348e-02 -1.51486881e-02
 -6.23254537e-03  5.21467900e-02 -6.14678017e-02  3.55163377e-02
  9.44398985e-03 -2.63616142e-02  6.09599249e-02 -2.67732296e-02
 -5.92074937e-02  5.82692365e-02 -7.91241115e-02 -3.38699790e-02
 -5.63625028e-03 -7.95832063e-02  2.61861406e-02 -1.77568620e-02
 -7.72538511e-02 -3.29514409e-03 -9.54745518e-02 -1.70748004e-02
 -1.00441206e-01 -8.67997740e-02  2.98471886e-02  5.18718969e-02]
k =  3 => [ 0.02792154  0.10161332 -0.02018727  0.04238145 -0.07254795 -0.0189164
 -0.05137646  0.01442588 -0.01279906  0.00285084 -0.02909876 -0.04422488
  0.03193449  0.01128479  0.0893354  -0.02106996  0.05720071  0.10692663
  0.02224523  0.07325063  0.03938609  0.02073444  0.05968701  0.05801723
  0.0173276   0.0950735   0.00411639  0.05035623  0.0437052   0.04318599
  0.04272928 -0.07328222  0.06745251  0.12606533  0.00867018  0.09605655
  0.03482087  0.00704517 -0.00319662  0.07247088  0.03027713  0.07821657
 -0.00728866  0.04889498  0.05467247  0.02701465 -0.05362558 -0.05311687
  0.03944498  0.12004738 -0.05611651  0.07320762 -0.14414367 -0.0663391
 -0.04286296  0.03609488  0.00779804 -0.06060289 -0.03294411 -0.1219819
  0.05150217 -0.07439195  0.15627797 -0.009425   -0.03319526  0.06597837
 -0.08654685  0.04290482 -0.15178381 -0.02809626 -0.0411529   0.04774899
  0.01970786 -0.06699046 -0.02650873 -0.13876843  0.04002916 -0.07717471
  0.10848625  0.0607753   0.00340251  0.09310922 -0.07636243 -0.00497988
 -0.12032141 -0.05270972 -0.06943729 -0.05901673 -0.0666013  -0.04305336
 -0.06184644 -0.11152437 -0.02748237 -0.01697735  0.03694061  0.05649003
  0.01779887  0.15080914 -0.17936918  0.04320965 -0.15475684 -0.09124425
 -0.06839387  0.01653732 -0.00216306 -0.104156   -0.06596919 -0.17610864
  0.02323474 -0.19001594  0.16104944  0.06248792 -0.00718171  0.12523723
 -0.14477875  0.04023743 -0.19533101 -0.01654775 -0.15063809  0.02261257
  0.00652686 -0.17271051 -0.00179174 -0.18188347  0.02345427 -0.16316462
  0.11598894  0.09028478 -0.02831887  0.0821667  -0.10538233  0.03744098
 -0.22066626 -0.04102714 -0.14723811  0.01191534 -0.00318045 -0.13369491
 -0.04447997 -0.21516413  0.02253382 -0.05443322  0.05724634  0.10203802]
k =  4 => [-3.76269126e-02 -5.73167923e-03 -6.80907787e-02  7.69265541e-03
 -1.23813633e-01 -6.48326669e-02 -8.13889564e-02  1.63345666e-02
  1.81025914e-02 -9.91009582e-02 -3.93090233e-02 -1.24861137e-01
 -2.08602969e-02 -1.10588351e-01 -2.97821405e-02  7.33833623e-02
  7.74472338e-02 -3.95751615e-02  6.13108869e-02  4.51113935e-02
  7.72936562e-02  1.14249570e-01 -4.43994771e-03  1.16855524e-01
  1.35772830e-01  1.49586026e-02  1.48973374e-01  7.85579268e-02
  6.30253408e-02 -2.72903360e-02 -2.15324783e-02 -5.22446374e-02
 -1.92158500e-02 -6.44087830e-02 -3.48153340e-02 -6.22961894e-02
 -4.19014510e-02 -4.36030576e-02  3.49138351e-02 -4.88538974e-02
  4.39338060e-03 -4.42874783e-02 -2.52448948e-02 -4.61518536e-02
 -2.26033717e-02 -8.33594921e-02  7.09534454e-02  2.84696941e-02
 -1.37626569e-01 -8.36205663e-02 -1.45442831e-01 -1.16695987e-02
 -1.93887186e-01 -1.14203558e-01 -1.71146824e-01  6.33884699e-02
 -8.60234157e-03 -2.02047247e-01 -6.28394135e-02 -1.84342951e-01
 -4.47687761e-02 -1.15436518e-01 -3.72546155e-02  1.95987159e-01
 -6.99587303e-03 -1.29179984e-01  1.66244925e-02  1.12337281e-01
  2.06268846e-02  8.86017670e-02 -4.90617133e-02  1.85792505e-01
  1.28487090e-01 -5.34959493e-02  1.21069433e-01  1.98850160e-02
  9.19198343e-02 -3.25645335e-02 -1.26246533e-01  2.67157722e-02
 -7.78521544e-02 -9.75888508e-02 -4.71273028e-02 -6.53798458e-02
 -1.07797578e-01 -5.72283806e-02  2.48715652e-02  4.06574093e-02
 -3.72302307e-03 -7.51889344e-02 -3.47484211e-02 -9.08685143e-02
 -4.91550433e-02 -6.66726574e-02 -4.16665002e-02  1.12084042e-01
 -9.07366961e-02 -9.55037833e-02 -1.24313998e-02 -4.88679299e-02
 -1.98531634e-02 -7.43362391e-03 -1.27653650e-01  2.87567605e-02
  3.25169421e-03 -1.52191700e-01  1.51133516e-02 -4.74524192e-02
 -5.60834430e-02 -1.11018486e-02 -9.27127292e-02  1.48777464e-01
 -7.07320686e-02 -2.03747132e-01  1.23993646e-01 -6.40839193e-02
  7.20630842e-02  1.66259187e-02  6.27022412e-02  2.04903416e-02
  3.57830748e-02 -6.26336098e-03  4.25396460e-02  4.71079916e-02
 -9.72033964e-03  6.79200482e-02 -1.77303933e-01  5.81320181e-02
 -5.87490697e-02 -1.82203248e-01  9.12827297e-03 -1.84521057e-02
  2.12267738e-02 -4.58896506e-03 -1.88859657e-04  5.02319243e-02
  1.80169889e-02 -3.23170904e-02  8.39553069e-03  7.53678847e-03
 -1.26528707e-02  6.80758358e-03 -1.97721085e-01  1.02631243e-01]


Strength of the  5  Latent Semantics: 
PC1 16.6
PC2 13.7
PC3 9.8
PC4 7.3
PC5 6.2


*Similarly done for all locations*

Enter the Location ID: 21


 Similarity score for location id:  21  location name:  cabrillo

 9 acropolis_athens ( 13 / 30 )
Model:  CSD , Similarity Score:  56.89958765517175 , Rank:  1
Model:  HOG , Similarity Score:  57.84494572060309 , Rank:  2
Model:  LBP3x3 , Similarity Score:  57.25398665104839 , Rank:  2

 22 casa_batllo ( 9 / 30 )
Model:  GLRLM3x3 , Similarity Score:  54.99071197390631 , Rank:  5
Model:  HOG , Similarity Score:  57.41344956756382 , Rank:  3
Model:  LBP3x3 , Similarity Score:  57.28903452493728 , Rank:  1

 6 neues_museum ( 8 / 30 )
Model:  CM3x3 , Similarity Score:  55.07809176562145 , Rank:  5
Model:  CSD , Similarity Score:  56.12775893185957 , Rank:  2
Model:  GLRLM3x3 , Similarity Score:  55.73664535304073 , Rank:  3

 13 amiens_cathedral ( 7 / 30 )
Model:  CM3x3 , Similarity Score:  55.41602542349738 , Rank:  1
Model:  HOG , Similarity Score:  57.36840499554741 , Rank:  4

 1 angel_of_the_north ( 5 / 30 )
Model:  HOG , Similarity Score:  58.73414957325218 , Rank:  1

------------------------------------------------------------------------------------------------------------------------------------------------------
PCA

Enter the reduction that you would like to perform 
 1.PCA 2.SVD 3.LDA : 1

Enter the value of k 4



Latent Semantic Term - Weight Pairs: 
k =  0 => [-0.15557614 -0.09161854 -0.16452195 -0.13532415 -0.14316904 -0.16117163
 -0.12205958 -0.12855209 -0.13176371 -0.14921066 -0.15792808 -0.13905969
 -0.14302087 -0.1021754  -0.06416244  0.17263648 -0.15763012 -0.08382635
 -0.1542003  -0.1443255  -0.16657714 -0.16478468 -0.11712691 -0.14085347
 -0.15004472 -0.15929024 -0.15574391 -0.16689419 -0.15952476 -0.1032798
 -0.06142973  0.17896844 -0.0774512  -0.02839384 -0.11159775 -0.07976394
 -0.09690236 -0.08328365 -0.12233469 -0.0898382  -0.07625597 -0.10134212
 -0.07657159 -0.09756131 -0.08436657 -0.08491969 -0.03550059  0.12280235
  0.00149322  0.04389984 -0.07511608 -0.02400387 -0.04308267 -0.03798099
 -0.0716827  -0.04905898 -0.03088531 -0.07781652 -0.02959079 -0.0400828
  0.00100605 -0.07414682  0.02272406  0.04885474  0.03875941  0.06762892
 -0.05097659  0.01738519 -0.04848862 -0.0120265  -0.06506499 -0.0207826
 -0.02031204 -0.08536276  0.01209649 -0.04045785  0.02078938 -0.07012775
  0.07100206  0.02699357  0.07152968  0.07105348 -0.03120256 -0.00187928
  0.01944877  0.03190925 -0.05165973 -0.04149408  0.02677894 -0.03679659
  0.03716533  0.02197651  0.0356362  -0.04565871  0.03174283 -0.02416233
  0.0864168   0.04582088 -0.04473428  0.04615364 -0.03399384  0.04672003
 -0.04025989  0.02822775  0.05063859 -0.052127    0.05200192 -0.01927066
  0.06742466 -0.07786347  0.05895534 -0.0322097   0.08744801  0.01496147
  0.02895244  0.04833638 -0.00475351  0.08104653 -0.02624626  0.041627
  0.03814426 -0.04693123  0.08358341  0.00129811  0.05244405 -0.03471221
  0.02225732 -0.04958936  0.10466643  0.05188162  0.00946464  0.04845856
 -0.00686192  0.07718552 -0.06477112  0.03104946  0.06200564 -0.04967917
  0.08398423  0.00658286  0.07250304 -0.03178186  0.03316423 -0.05847018]
k =  1 => [-0.08683229 -0.0838303   0.01051422 -0.09693115 -0.03584432 -0.05477172
 -0.00272103 -0.0879697  -0.09333165 -0.04166647 -0.05307583 -0.05308039
 -0.09240831  0.07128589 -0.05518782  0.06194813 -0.06775548 -0.06160311
  0.0563695  -0.07196755 -0.03605765 -0.05730324  0.07015029 -0.06619761
 -0.08628837 -0.02536169 -0.0473946  -0.0482372  -0.06295603  0.07413623
 -0.00933991  0.02686395 -0.04751985 -0.02903034  0.04530556 -0.03686833
 -0.03656577 -0.04689989  0.04607384 -0.03150077 -0.06407103  0.01460609
 -0.04537864 -0.03794761 -0.03909154  0.0778942  -0.03420471  0.02276221
 -0.13060686 -0.07687871  0.03676968 -0.14570719 -0.05694039 -0.09991078
  0.04945032 -0.13161831 -0.15262238 -0.01136336 -0.11891876 -0.07208053
 -0.15343852  0.0846299  -0.10368588  0.10716102 -0.14376215 -0.05507246
  0.0613108  -0.13200386 -0.05826736 -0.13741356  0.09383258 -0.12449355
 -0.16183507  0.01990824 -0.13091246 -0.06490036 -0.14158273  0.09262665
 -0.04538361  0.10711982 -0.04812994 -0.01210397  0.04928089 -0.07699943
 -0.01026002 -0.0833746   0.03575251 -0.11526664 -0.10521279  0.07086292
 -0.08367413 -0.01112903 -0.0655916   0.08434937 -0.0299153   0.01948549
 -0.11500272 -0.00239432 -0.04408997 -0.09612737 -0.04226755 -0.12399351
  0.03002749 -0.10468589 -0.13730858  0.01117474 -0.12991041 -0.05452664
 -0.11123635 -0.0061143  -0.03464862  0.11726412 -0.12649704  0.03225309
 -0.00749756 -0.13234812 -0.04019018 -0.13928639  0.04916905 -0.14397378
 -0.17515683 -0.00410379 -0.14445884 -0.05815614 -0.16449513  0.02125621
 -0.00142093  0.1105144  -0.08660724  0.0132915  -0.05181372 -0.10825073
 -0.03910381 -0.12652754 -0.00462369 -0.15098789 -0.15715576 -0.01415127
 -0.12686333 -0.04555822 -0.10475786  0.01014268  0.01985888  0.09629942]
k =  2 => [ 5.04713891e-02  3.11844623e-02  3.63510650e-02  5.61233183e-02
  2.51748391e-02  6.75918172e-02 -9.95560581e-03  8.65657979e-02
  1.18400491e-01  8.58529509e-03  9.15387509e-02  3.06025471e-02
  1.06576018e-01 -2.99745563e-03  4.43870019e-02 -5.51790007e-02
 -4.37762602e-02 -3.64301192e-02 -4.68577410e-02 -2.79511707e-02
  5.63643143e-03 -2.06357997e-02  1.01818064e-03  1.03688814e-02
  3.40923661e-02  2.04139274e-02 -1.59308303e-02 -5.34023377e-03
  8.98815957e-05 -1.01692985e-02  6.44181691e-03  1.86494161e-02
 -2.02962829e-01 -1.04503268e-01 -1.39165263e-01 -1.58898664e-01
 -1.71634023e-01 -1.95891407e-01 -6.90112006e-03 -1.38952430e-01
 -1.98968086e-01 -1.35435158e-01 -1.84358087e-01 -1.82047598e-01
 -1.95237405e-01 -1.07413317e-01  7.32093168e-02  1.76005319e-01
  8.78217313e-02  5.94382871e-02  6.62588992e-02  8.12662722e-02
  2.64739605e-02  7.90855375e-02  3.73823806e-02  5.80645454e-02
  1.11242982e-01  2.29818508e-02  9.37882515e-02  2.92468554e-02
  1.23145569e-01  3.21054144e-02  6.13291857e-02 -1.09215340e-01
 -3.41836344e-02  1.89432275e-02 -5.74626280e-02  2.20348440e-02
  3.25882906e-02 -2.74124680e-02  3.52151811e-02  4.40598688e-02
  5.56285434e-02  7.81059699e-02 -3.74212836e-02  3.21239157e-02
  5.20841074e-02  7.80729013e-03 -2.14551812e-02 -2.11491922e-02
 -1.90069596e-01 -4.31294880e-02 -1.12249134e-01 -1.69536682e-01
 -1.08416106e-01 -1.77216500e-01  7.48632546e-02 -6.45408089e-02
 -1.71271016e-01 -2.94063943e-02 -1.83055439e-01 -1.32588259e-01
 -2.01172782e-01 -7.23719793e-02  2.84012680e-02  1.79258572e-01
  5.42008106e-02  5.38913658e-02  7.49823077e-03  6.84872461e-02
  7.48359233e-02  9.64913953e-03 -1.78795609e-04  1.15871331e-02
  4.48145995e-02  3.30822117e-02  2.15472406e-03  5.61449432e-02
  8.28800696e-02 -3.87215779e-03  7.49724634e-02 -9.03037772e-02
 -1.18209922e-02  5.93044002e-02 -6.15330785e-02  7.49975005e-04
  5.06765315e-02 -5.97461454e-02  2.58459348e-02 -1.51486881e-02
 -6.23254537e-03  5.21467900e-02 -6.14678017e-02  3.55163377e-02
  9.44398985e-03 -2.63616142e-02  6.09599249e-02 -2.67732296e-02
 -5.92074937e-02  5.82692365e-02 -7.91241115e-02 -3.38699790e-02
 -5.63625028e-03 -7.95832063e-02  2.61861406e-02 -1.77568620e-02
 -7.72538511e-02 -3.29514409e-03 -9.54745518e-02 -1.70748004e-02
 -1.00441206e-01 -8.67997740e-02  2.98471886e-02  5.18718969e-02]
k =  3 => [ 0.02792154  0.10161332 -0.02018727  0.04238145 -0.07254795 -0.0189164
 -0.05137646  0.01442588 -0.01279906  0.00285084 -0.02909876 -0.04422488
  0.03193449  0.01128479  0.0893354  -0.02106996  0.05720071  0.10692663
  0.02224523  0.07325063  0.03938609  0.02073444  0.05968701  0.05801723
  0.0173276   0.0950735   0.00411639  0.05035623  0.0437052   0.04318599
  0.04272928 -0.07328222  0.06745251  0.12606533  0.00867018  0.09605655
  0.03482087  0.00704517 -0.00319662  0.07247088  0.03027713  0.07821657
 -0.00728866  0.04889498  0.05467247  0.02701465 -0.05362558 -0.05311687
  0.03944498  0.12004738 -0.05611651  0.07320762 -0.14414367 -0.0663391
 -0.04286296  0.03609488  0.00779804 -0.06060289 -0.03294411 -0.1219819
  0.05150217 -0.07439195  0.15627797 -0.009425   -0.03319526  0.06597837
 -0.08654685  0.04290482 -0.15178381 -0.02809626 -0.0411529   0.04774899
  0.01970786 -0.06699046 -0.02650873 -0.13876843  0.04002916 -0.07717471
  0.10848625  0.0607753   0.00340251  0.09310922 -0.07636243 -0.00497988
 -0.12032141 -0.05270972 -0.06943729 -0.05901673 -0.0666013  -0.04305336
 -0.06184644 -0.11152437 -0.02748237 -0.01697735  0.03694061  0.05649003
  0.01779887  0.15080914 -0.17936918  0.04320965 -0.15475684 -0.09124425
 -0.06839387  0.01653732 -0.00216306 -0.104156   -0.06596919 -0.17610864
  0.02323474 -0.19001594  0.16104944  0.06248792 -0.00718171  0.12523723
 -0.14477875  0.04023743 -0.19533101 -0.01654775 -0.15063809  0.02261257
  0.00652686 -0.17271051 -0.00179174 -0.18188347  0.02345427 -0.16316462
  0.11598894  0.09028478 -0.02831887  0.0821667  -0.10538233  0.03744098
 -0.22066626 -0.04102714 -0.14723811  0.01191534 -0.00318045 -0.13369491
 -0.04447997 -0.21516413  0.02253382 -0.05443322  0.05724634  0.10203802]


Strength of the  4  Latent Semantics: 
PC1 16.6
PC2 13.7
PC3 9.8
PC4 7.3

*Similarly done for all	locations*

Enter the Location ID: 16


 Similarity score for location id:  16  location name:  arc_de_triomphe

 22 casa_batllo ( 15 / 30 )
Model:  CM3x3 , Similarity Score:  60.20001059522254 , Rank:  1
Model:  CN3x3 , Similarity Score:  54.88445002462819 , Rank:  2
Model:  GLRLM3x3 , Similarity Score:  58.08589567537818 , Rank:  5
Model:  HOG , Similarity Score:  56.39101485398915 , Rank:  5
Model:  LBP3x3 , Similarity Score:  58.10744894799115 , Rank:  2

 9 acropolis_athens ( 13 / 30 )
Model:  CM3x3 , Similarity Score:  58.39976848038796 , Rank:  3
Model:  HOG , Similarity Score:  58.65100950281017 , Rank:  1
Model:  LBP3x3 , Similarity Score:  58.15262359725302 , Rank:  1

 14 angkor_wat ( 12 / 30 )
Model:  CM3x3 , Similarity Score:  57.67940857045988 , Rank:  4
Model:  CN3x3 , Similarity Score:  55.06824382955107 , Rank:  1
Model:  CSD , Similarity Score:  55.43068512334878 , Rank:  1

 28 civic_center_san_francisco ( 8 / 30 )
Model:  CSD , Similarity Score:  55.04366023268557 , Rank:  3
Model:  GLRLM3x3 , Similarity Score:  59.58558909323284 , Rank:  1

 20 brandenburg_gate ( 7 / 30 )
Model:  HOG , Similarity Score:  58.128168630001326 , Rank:  2
Model:  LBP3x3 , Similarity Score:  57.64964597432461 , Rank:  3

-----------------------------------------------------------------------------------------------------------------------------------------------------------
SVD

Enter the reduction that you would like to perform 
 1.PCA 2.SVD 3.LDA : 2

Enter the value of k 5



Latent Semantic Term - Weight Pairs: 
k =  0 => [-0.15557614 -0.09161854 -0.16452195 -0.13532415 -0.14316904 -0.16117163
 -0.12205958 -0.12855209 -0.13176371 -0.14921066 -0.15792808 -0.13905969
 -0.14302087 -0.1021754  -0.06416244  0.17263648 -0.15763012 -0.08382635
 -0.1542003  -0.1443255  -0.16657714 -0.16478468 -0.11712691 -0.14085347
 -0.15004472 -0.15929024 -0.15574391 -0.16689419 -0.15952476 -0.1032798
 -0.06142973  0.17896844 -0.0774512  -0.02839384 -0.11159775 -0.07976394
 -0.09690236 -0.08328365 -0.12233469 -0.0898382  -0.07625597 -0.10134212
 -0.07657159 -0.09756131 -0.08436657 -0.08491969 -0.03550059  0.12280235
  0.00149322  0.04389984 -0.07511608 -0.02400387 -0.04308267 -0.03798099
 -0.0716827  -0.04905898 -0.03088531 -0.07781652 -0.02959079 -0.0400828
  0.00100605 -0.07414682  0.02272405  0.04885474  0.03875941  0.06762892
 -0.05097659  0.01738519 -0.04848862 -0.0120265  -0.06506499 -0.0207826
 -0.02031204 -0.08536276  0.01209649 -0.04045785  0.02078938 -0.07012775
  0.07100206  0.02699357  0.07152968  0.07105348 -0.03120256 -0.00187927
  0.01944877  0.03190925 -0.05165973 -0.04149408  0.02677894 -0.03679659
  0.03716533  0.02197651  0.0356362  -0.04565871  0.03174283 -0.02416233
  0.0864168   0.04582088 -0.04473428  0.04615364 -0.03399384  0.04672003
 -0.04025989  0.02822775  0.05063859 -0.052127    0.05200192 -0.01927066
  0.06742466 -0.07786347  0.05895534 -0.0322097   0.08744801  0.01496147
  0.02895244  0.04833638 -0.00475351  0.08104653 -0.02624626  0.041627
  0.03814426 -0.04693123  0.08358341  0.00129811  0.05244405 -0.03471221
  0.02225732 -0.04958936  0.10466643  0.05188162  0.00946464  0.04845856
 -0.00686192  0.07718552 -0.06477112  0.03104946  0.06200564 -0.04967917
  0.08398423  0.00658286  0.07250304 -0.03178186  0.03316423 -0.05847018]
k =  1 => [-0.08683229 -0.0838303   0.01051422 -0.09693115 -0.03584432 -0.05477172
 -0.00272103 -0.0879697  -0.09333165 -0.04166647 -0.05307584 -0.05308039
 -0.09240831  0.07128589 -0.05518782  0.06194813 -0.06775548 -0.0616031
  0.0563695  -0.07196755 -0.03605765 -0.05730324  0.07015029 -0.0661976
 -0.08628837 -0.02536168 -0.0473946  -0.0482372  -0.06295604  0.07413623
 -0.00933991  0.02686395 -0.04751985 -0.02903034  0.04530556 -0.03686832
 -0.03656577 -0.04689989  0.04607384 -0.03150076 -0.06407103  0.0146061
 -0.04537865 -0.03794761 -0.03909154  0.0778942  -0.03420471  0.02276221
 -0.13060686 -0.07687871  0.03676968 -0.14570719 -0.05694039 -0.09991079
  0.04945032 -0.13161831 -0.15262238 -0.01136336 -0.11891877 -0.07208052
 -0.15343852  0.0846299  -0.10368588  0.10716102 -0.14376215 -0.05507247
  0.06131079 -0.13200387 -0.05826736 -0.13741356  0.09383258 -0.12449355
 -0.16183507  0.01990824 -0.13091246 -0.06490036 -0.14158273  0.09262665
 -0.04538362  0.10711982 -0.04812994 -0.01210397  0.04928089 -0.07699943
 -0.01026003 -0.0833746   0.03575251 -0.11526664 -0.10521279  0.07086292
 -0.08367413 -0.01112903 -0.0655916   0.08434937 -0.0299153   0.01948549
 -0.11500271 -0.00239431 -0.04408997 -0.09612737 -0.04226755 -0.12399351
  0.03002749 -0.10468589 -0.13730858  0.01117474 -0.12991041 -0.05452664
 -0.11123635 -0.0061143  -0.03464862  0.11726412 -0.12649704  0.03225308
 -0.00749757 -0.13234812 -0.04019018 -0.13928638  0.04916905 -0.14397378
 -0.17515683 -0.00410379 -0.14445883 -0.05815615 -0.16449512  0.02125621
 -0.00142094  0.1105144  -0.08660724  0.0132915  -0.05181371 -0.10825073
 -0.03910381 -0.12652753 -0.00462369 -0.15098789 -0.15715575 -0.01415127
 -0.12686333 -0.04555822 -0.10475786  0.01014268  0.01985888  0.09629942]
k =  2 => [ 5.04712476e-02  3.11841166e-02  3.63510041e-02  5.61231079e-02
  2.51748255e-02  6.75918190e-02 -9.95573482e-03  8.65658034e-02
  1.18400701e-01  8.58514897e-03  9.15389068e-02  3.06024648e-02
  1.06576101e-01 -2.99742032e-03  4.43869751e-02 -5.51789072e-02
 -4.37764876e-02 -3.64306849e-02 -4.68577569e-02 -2.79513734e-02
  5.63651862e-03 -2.06358787e-02  1.01833830e-03  1.03688742e-02
  3.40924791e-02  2.04137055e-02 -1.59307334e-02 -5.34024256e-03
  8.99210778e-05 -1.01695483e-02  6.44177973e-03  1.86495673e-02
 -2.02962844e-01 -1.04503407e-01 -1.39165096e-01 -1.58898742e-01
 -1.71633828e-01 -1.95891350e-01 -6.90079509e-03 -1.38952387e-01
 -1.98968029e-01 -1.35434981e-01 -1.84357967e-01 -1.82047422e-01
 -1.95237332e-01 -1.07413162e-01  7.32095007e-02  1.76005153e-01
  8.78217364e-02  5.94384922e-02  6.62588319e-02  8.12664213e-02
  2.64739147e-02  7.90854504e-02  3.73822472e-02  5.80647947e-02
  1.11243204e-01  2.29819715e-02  9.37882229e-02  2.92467910e-02
  1.23145732e-01  3.21053113e-02  6.13294063e-02 -1.09215435e-01
 -3.41836785e-02  1.89432533e-02 -5.74626809e-02  2.20350383e-02
  3.25882748e-02 -2.74124915e-02  3.52152545e-02  4.40600459e-02
  5.56287492e-02  7.81059591e-02 -3.74212661e-02  3.21239547e-02
  5.20843226e-02  7.80711351e-03 -2.14551750e-02 -2.11492339e-02
 -1.90069640e-01 -4.31294311e-02 -1.12249225e-01 -1.69536791e-01
 -1.08415892e-01 -1.77216477e-01  7.48633354e-02 -6.45409061e-02
 -1.71271057e-01 -2.94059586e-02 -1.83055496e-01 -1.32588015e-01
 -2.01172751e-01 -7.23715967e-02  2.84013490e-02  1.79258406e-01
  5.42006367e-02  5.38913717e-02  7.49819304e-03  6.84872707e-02
  7.48359732e-02  9.64891594e-03 -1.78858324e-04  1.15870004e-02
  4.48144915e-02  3.30822518e-02  2.15451763e-03  5.61449412e-02
  8.28800555e-02 -3.87211512e-03  7.49724061e-02 -9.03036632e-02
 -1.18211163e-02  5.93043951e-02 -6.15334688e-02  7.50032545e-04
  5.06768016e-02 -5.97463317e-02  2.58457046e-02 -1.51487024e-02
 -6.23254280e-03  5.21467400e-02 -6.14680334e-02  3.55166080e-02
  9.44404843e-03 -2.63618382e-02  6.09598240e-02 -2.67731033e-02
 -5.92075318e-02  5.82693245e-02 -7.91246009e-02 -3.38697587e-02
 -5.63602118e-03 -7.95832707e-02  2.61860339e-02 -1.77567800e-02
 -7.72537492e-02 -3.29495509e-03 -9.54746875e-02 -1.70745799e-02
 -1.00441008e-01 -8.68000013e-02  2.98472911e-02  5.18718676e-02]
k =  3 => [ 0.02792195  0.10161507 -0.0201871   0.04238293 -0.07254804 -0.01891651
 -0.05137584  0.01442635 -0.01280019  0.00285175 -0.02909987 -0.04422451
  0.03193397  0.01128468  0.08933541 -0.02107036  0.05720132  0.10692966
  0.02224496  0.07325194  0.03938531  0.0207345   0.05968603  0.05801767
  0.01732667  0.09507491  0.00411511  0.05035608  0.04370458  0.04318791
  0.04272951 -0.07328285  0.06745246  0.12606681  0.00866885  0.09605784
  0.03481944  0.00704478 -0.00319816  0.07247137  0.03027661  0.07821605
 -0.00728992  0.04889388  0.05467213  0.02701433 -0.05362599 -0.05311628
  0.03944478  0.1200465  -0.05611625  0.07320707 -0.14414315 -0.06633896
 -0.0428618   0.03609387  0.00779687 -0.06060318 -0.03294445 -0.12198137
  0.05150147 -0.07439141  0.15627699 -0.00942465 -0.03319546  0.06597759
 -0.08654681  0.04290383 -0.15178373 -0.02809648 -0.04115324  0.04774833
  0.01970693 -0.0669901  -0.02650917 -0.13876878  0.04002806 -0.07717383
  0.10848559  0.06077601  0.00340253  0.09310886 -0.07636181 -0.00497906
 -0.12032288 -0.05270995 -0.06943734 -0.05901537 -0.0666011  -0.04305555
 -0.06184618 -0.1115259  -0.02748254 -0.01697916  0.0369403   0.05649077
  0.01780011  0.15080923 -0.17936895  0.04320935 -0.15475656 -0.0912433
 -0.06839338  0.01653788 -0.00216267 -0.10415629 -0.06596829 -0.17610806
  0.02323477 -0.19001637  0.16104991  0.06248705 -0.00718112  0.12523685
 -0.14477727  0.04023715 -0.19533251 -0.01654672 -0.15063734  0.02261274
  0.0065273  -0.17271039 -0.00179043 -0.18188502  0.02345434 -0.16316356
  0.11598902  0.09028445 -0.02831899  0.08216554 -0.10537921  0.03743948
 -0.22066722 -0.04102631 -0.14723742  0.01191496 -0.00318092 -0.13369596
 -0.04447875 -0.21516514  0.0225324  -0.05443173  0.05724521  0.10203835]
k =  4 => [-3.76267836e-02 -5.72978157e-03 -6.80913097e-02  7.69318315e-03
 -1.23814264e-01 -6.48328730e-02 -8.13893774e-02  1.63336969e-02
  1.81009481e-02 -9.91002394e-02 -3.93104598e-02 -1.24861309e-01
 -2.08611241e-02 -1.10587421e-01 -2.97822840e-02  7.33833149e-02
  7.74490611e-02 -3.95718934e-02  6.13117221e-02  4.51126986e-02
  7.72935075e-02  1.14250452e-01 -4.44001248e-03  1.16855456e-01
  1.35772642e-01  1.49596026e-02  1.48973408e-01  7.85582482e-02
  6.30253729e-02 -2.72891132e-02 -2.15318561e-02 -5.22459568e-02
 -1.92155850e-02 -6.44078577e-02 -3.48164254e-02 -6.22959203e-02
 -4.19024003e-02 -4.36033025e-02  3.49122728e-02 -4.88545002e-02
  4.39317404e-03 -4.42885886e-02 -2.52454393e-02 -4.61526359e-02
 -2.26035803e-02 -8.33608791e-02  7.09530098e-02  2.84704273e-02
 -1.37626589e-01 -8.36213492e-02 -1.45442622e-01 -1.16698888e-02
 -1.93887318e-01 -1.14201999e-01 -1.71147278e-01  6.33879754e-02
 -8.60322333e-03 -2.02047762e-01 -6.28386483e-02 -1.84342590e-01
 -4.47694329e-02 -1.15434985e-01 -3.72561879e-02  1.95987467e-01
 -6.99619769e-03 -1.29179863e-01  1.66247448e-02  1.12336552e-01
  2.06265198e-02  8.86016571e-02 -4.90616913e-02  1.85791668e-01
  1.28485705e-01 -5.34966986e-02  1.21069348e-01  1.98843695e-02
  9.19182766e-02 -3.25637614e-02 -1.26245824e-01  2.67162371e-02
 -7.78520982e-02 -9.75889839e-02 -4.71272775e-02 -6.53791845e-02
 -1.07798593e-01 -5.72284556e-02  2.48712357e-02  4.06580675e-02
 -3.72276292e-03 -7.51916087e-02 -3.47481857e-02 -9.08693992e-02
 -4.91548755e-02 -6.66747911e-02 -4.16663193e-02  1.12084886e-01
 -9.07364125e-02 -9.55042463e-02 -1.24311522e-02 -4.88675239e-02
 -1.98529378e-02 -7.43171430e-03 -1.27653372e-01  2.87582430e-02
  3.25261605e-03 -1.52191206e-01  1.51145257e-02 -4.74517788e-02
 -5.60829539e-02 -1.11006906e-02 -9.27134017e-02  1.48776699e-01
 -7.07319519e-02 -2.03746235e-01  1.23995123e-01 -6.40843544e-02
  7.20618019e-02  1.66264986e-02  6.27031237e-02  2.04902743e-02
  3.57828114e-02 -6.26309939e-03  4.25402824e-02  4.71066943e-02
 -9.72071935e-03  6.79217017e-02 -1.77302948e-01  5.81313314e-02
 -5.87490161e-02 -1.82203358e-01  9.13010955e-03 -1.84530838e-02
  2.12258714e-02 -4.58889256e-03 -1.88609762e-04  5.02316699e-02
  1.80163813e-02 -3.23179891e-02  8.39580838e-03  7.53607442e-03
 -1.26535544e-02  6.80897474e-03 -1.97721097e-01  1.02631258e-01]

 *Similarly done for all locations*
Enter the Location ID: 21


 Similarity score for location id:  21  location name:  cabrillo

 9 acropolis_athens ( 13 / 30 )
Model:  CSD , Similarity Score:  56.89958746387252 , Rank:  1
Model:  HOG , Similarity Score:  57.844945722073284 , Rank:  2
Model:  LBP3x3 , Similarity Score:  57.25388192496886 , Rank:  2

 6 neues_museum ( 8 / 30 )
Model:  CM3x3 , Similarity Score:  55.07818412905538 , Rank:  5
Model:  CSD , Similarity Score:  56.1277591464403 , Rank:  2
Model:  GLRLM3x3 , Similarity Score:  55.73663277931187 , Rank:  3

 22 casa_batllo ( 8 / 30 )
Model:  HOG , Similarity Score:  57.413449546940136 , Rank:  3
Model:  LBP3x3 , Similarity Score:  57.289027968844785 , Rank:  1

 13 amiens_cathedral ( 7 / 30 )
Model:  CM3x3 , Similarity Score:  55.41599880391046 , Rank:  1
Model:  HOG , Similarity Score:  57.36840500864184 , Rank:  4

 1 angel_of_the_north ( 5 / 30 )
Model:  HOG , Similarity Score:  58.73414971408909 , Rank:  1

------------------------------------------------------------------------------------------------------------------------------------------------------
SVD


Enter the reduction that you would like to perform 
 1.PCA 2.SVD 3.LDA : 2

Enter the value of k 4


Latent Semantic Term - Weight Pairs: 
k =  0 => [-0.15557614 -0.09161853 -0.16452195 -0.13532414 -0.14316904 -0.16117163
 -0.12205957 -0.12855209 -0.13176371 -0.14921065 -0.15792809 -0.13905969
 -0.14302088 -0.10217541 -0.06416244  0.17263647 -0.15763012 -0.08382633
 -0.15420031 -0.14432549 -0.16657714 -0.16478468 -0.11712692 -0.14085346
 -0.15004473 -0.15929023 -0.15574392 -0.16689419 -0.15952477 -0.1032798
 -0.06142972  0.17896843 -0.0774512  -0.02839383 -0.11159777 -0.07976393
 -0.09690237 -0.08328365 -0.1223347  -0.08983819 -0.07625598 -0.10134213
 -0.0765716  -0.09756131 -0.08436657 -0.0849197  -0.03550059  0.12280236
  0.00149322  0.04389983 -0.07511608 -0.02400388 -0.04308266 -0.03798099
 -0.07168268 -0.049059   -0.03088532 -0.07781651 -0.0295908  -0.04008279
  0.00100603 -0.07414681  0.02272404  0.04885474  0.03875942  0.06762891
 -0.05097659  0.01738518 -0.04848861 -0.01202649 -0.06506499 -0.02078261
 -0.02031205 -0.08536274  0.01209649 -0.04045784  0.02078937 -0.07012774
  0.07100205  0.02699357  0.07152969  0.07105348 -0.03120256 -0.00187927
  0.01944876  0.03190924 -0.05165972 -0.04149407  0.02677894 -0.03679662
  0.03716533  0.02197649  0.03563619 -0.04565874  0.03174284 -0.02416232
  0.08641681  0.04582088 -0.04473428  0.04615364 -0.03399384  0.04672002
 -0.04025988  0.02822775  0.05063859 -0.05212699  0.05200192 -0.01927066
  0.06742466 -0.07786348  0.05895536 -0.03220971  0.08744802  0.01496147
  0.02895246  0.04833639 -0.00475353  0.08104653 -0.02624626  0.04162701
  0.03814426 -0.04693122  0.08358342  0.0012981   0.05244405 -0.03471221
  0.02225732 -0.04958936  0.10466643  0.05188161  0.00946467  0.04845854
 -0.00686193  0.07718553 -0.06477112  0.03104946  0.06200564 -0.04967919
  0.08398425  0.00658285  0.07250302 -0.03178185  0.03316422 -0.05847017]
k =  1 => [-0.08683229 -0.08383029  0.01051423 -0.09693114 -0.03584433 -0.05477173
 -0.00272102 -0.0879697  -0.09333166 -0.04166646 -0.05307584 -0.0530804
 -0.09240832  0.0712859  -0.05518781  0.06194813 -0.06775548 -0.06160309
  0.0563695  -0.07196754 -0.03605766 -0.05730325  0.0701503  -0.0661976
 -0.08628838 -0.02536168 -0.04739461 -0.04823721 -0.06295604  0.07413625
 -0.0093399   0.02686394 -0.04751985 -0.02903033  0.04530556 -0.03686832
 -0.03656578 -0.04689989  0.04607383 -0.03150076 -0.06407103  0.0146061
 -0.04537865 -0.03794762 -0.03909154  0.07789421 -0.03420471  0.02276221
 -0.13060685 -0.07687872  0.0367697  -0.1457072  -0.05694039 -0.09991078
  0.04945034 -0.13161831 -0.15262239 -0.01136337 -0.11891876 -0.07208053
 -0.15343853  0.0846299  -0.10368587  0.10716102 -0.14376216 -0.05507247
  0.0613108  -0.13200387 -0.05826736 -0.13741356  0.09383259 -0.12449355
 -0.16183507  0.01990822 -0.13091246 -0.06490037 -0.14158273  0.09262665
 -0.04538361  0.10711983 -0.04812994 -0.01210398  0.04928089 -0.07699944
 -0.01026004 -0.0833746   0.0357525  -0.11526664 -0.10521279  0.07086292
 -0.08367413 -0.01112904 -0.0655916   0.08434938 -0.02991531  0.0194855
 -0.11500271 -0.00239432 -0.04408995 -0.09612738 -0.04226754 -0.12399349
  0.0300275  -0.10468588 -0.13730858  0.01117474 -0.12991039 -0.05452663
 -0.11123635 -0.00611429 -0.03464863  0.11726411 -0.12649704  0.03225308
 -0.00749756 -0.13234812 -0.04019019 -0.13928637  0.04916905 -0.14397377
 -0.17515682 -0.00410379 -0.14445882 -0.05815615 -0.16449512  0.02125622
 -0.00142094  0.1105144  -0.08660725  0.01329149 -0.0518137  -0.10825074
 -0.03910381 -0.12652753 -0.00462369 -0.15098789 -0.15715576 -0.01415127
 -0.12686332 -0.04555823 -0.10475786  0.01014269  0.01985888  0.09629943]
k =  2 => [ 5.04713164e-02  3.11839473e-02  3.63508899e-02  5.61228109e-02
  2.51749286e-02  6.75920449e-02 -9.95627113e-03  8.65655560e-02
  1.18400868e-01  8.58502837e-03  9.15391510e-02  3.06026260e-02
  1.06576221e-01 -2.99725328e-03  4.43865678e-02 -5.51788307e-02
 -4.37762857e-02 -3.64310792e-02 -4.68575870e-02 -2.79516036e-02
  5.63681751e-03 -2.06355635e-02  1.01836774e-03  1.03685672e-02
  3.40927863e-02  2.04134947e-02 -1.59302241e-02 -5.33996508e-03
  9.01373174e-05 -1.01699324e-02  6.44135214e-03  1.86496017e-02
 -2.02962888e-01 -1.04503826e-01 -1.39164942e-01 -1.58899108e-01
 -1.71633512e-01 -1.95891287e-01 -6.90073888e-03 -1.38952737e-01
 -1.98968022e-01 -1.35435076e-01 -1.84357684e-01 -1.82047154e-01
 -1.95237402e-01 -1.07413383e-01  7.32093839e-02  1.76005247e-01
  8.78217159e-02  5.94386649e-02  6.62584524e-02  8.12666645e-02
  2.64736688e-02  7.90856272e-02  3.73813645e-02  5.80651751e-02
  1.11243457e-01  2.29820309e-02  9.37882987e-02  2.92468701e-02
  1.23145944e-01  3.21054022e-02  6.13291677e-02 -1.09215351e-01
 -3.41836532e-02  1.89437355e-02 -5.74627946e-02  2.20352853e-02
  3.25881529e-02 -2.74124956e-02  3.52153012e-02  4.40600262e-02
  5.56287121e-02  7.81059693e-02 -3.74213702e-02  3.21241141e-02
  5.20844339e-02  7.80709596e-03 -2.14550098e-02 -2.11494146e-02
 -1.90069596e-01 -4.31291694e-02 -1.12249440e-01 -1.69536634e-01
 -1.08415541e-01 -1.77216349e-01  7.48633414e-02 -6.45410490e-02
 -1.71271059e-01 -2.94056207e-02 -1.83055569e-01 -1.32587444e-01
 -2.01172683e-01 -7.23714952e-02  2.84013675e-02  1.79258217e-01
  5.42001563e-02  5.38913235e-02  7.49781557e-03  6.84874979e-02
  7.48355938e-02  9.64891929e-03 -1.79381201e-04  1.15870693e-02
  4.48144829e-02  3.30821784e-02  2.15427920e-03  5.61446088e-02
  8.28801249e-02 -3.87189231e-03  7.49721358e-02 -9.03031815e-02
 -1.18213401e-02  5.93048528e-02 -6.15337130e-02  7.49959231e-04
  5.06769928e-02 -5.97466718e-02  2.58458225e-02 -1.51488641e-02
 -6.23287709e-03  5.21468254e-02 -6.14684188e-02  3.55168367e-02
  9.44383586e-03 -2.63618638e-02  6.09601894e-02 -2.67731633e-02
 -5.92073034e-02  5.82699761e-02 -7.91251752e-02 -3.38691831e-02
 -5.63579252e-03 -7.95835621e-02  2.61860410e-02 -1.77566612e-02
 -7.72536611e-02 -3.29452654e-03 -9.54751391e-02 -1.70742240e-02
 -1.00440653e-01 -8.68001759e-02  2.98477106e-02  5.18714851e-02]
k =  3 => [ 0.02792161  0.1016123  -0.02018682  0.04238097 -0.07254765 -0.01891607
 -0.05137673  0.01442603 -0.01279817  0.00285035 -0.02909783 -0.04422476
  0.03193502  0.01128469  0.08933523 -0.02106995  0.05720003  0.10692489
  0.02224527  0.07324983  0.03938607  0.02073414  0.05968727  0.05801686
  0.01732777  0.09507278  0.00411667  0.05035603  0.0437054   0.0431854
  0.0427286  -0.07328161  0.06745241  0.12606452  0.00867128  0.09605593
  0.03482139  0.00704546 -0.00319586  0.07247067  0.03027726  0.07821727
 -0.00728795  0.04889536  0.05467249  0.02701563 -0.05362589 -0.05311715
  0.0394452   0.12004789 -0.05611636  0.07320813 -0.14414396 -0.06633965
 -0.04286329  0.03609561  0.00779875 -0.06060319 -0.03294387 -0.12198221
  0.05150282 -0.07439264  0.15627899 -0.00942529 -0.03319539  0.0659786
 -0.08654687  0.04290538 -0.15178413 -0.02809646 -0.04115272  0.04774946
  0.01970853 -0.06699076 -0.0265087  -0.13876853  0.04003013 -0.07717511
  0.10848656  0.06077513  0.0034023   0.09310927 -0.07636265 -0.00498029
 -0.12032089 -0.05270945 -0.06943748 -0.05901755 -0.06660129 -0.04305152
 -0.06184658 -0.1115237  -0.0274822  -0.01697567  0.03694015  0.05648971
  0.01779837  0.15080909 -0.17936912  0.04320954 -0.15475698 -0.09124465
 -0.06839465  0.01653684 -0.00216341 -0.10415674 -0.0659693  -0.17610902
  0.02323436 -0.19001614  0.16104929  0.06248862 -0.00718211  0.12523711
 -0.1447794   0.04023727 -0.19533006 -0.01654805 -0.15063833  0.02261254
  0.00652674 -0.17271067 -0.00179211 -0.18188242  0.02345412 -0.16316524
  0.11598878  0.09028499 -0.0283189   0.08216736 -0.10538393  0.03744181
 -0.22066562 -0.04102744 -0.14723828  0.0119156  -0.00318005 -0.13369397
 -0.0444804  -0.21516349  0.02253459 -0.05443412  0.05724688  0.10203772]

 *Similarly done for all locations*
 
Enter the Location ID: 16


 Similarity score for location id:  16  location name:  arc_de_triomphe

 22 casa_batllo ( 15 / 30 )
Model:  CM3x3 , Similarity Score:  60.19999886898551 , Rank:  1
Model:  CN3x3 , Similarity Score:  54.88441927094593 , Rank:  2
Model:  GLRLM3x3 , Similarity Score:  58.086240881143326 , Rank:  5
Model:  HOG , Similarity Score:  56.391014854455854 , Rank:  5
Model:  LBP3x3 , Similarity Score:  58.1074928449479 , Rank:  2

 9 acropolis_athens ( 13 / 30 )
Model:  CM3x3 , Similarity Score:  58.39977418841479 , Rank:  3
Model:  HOG , Similarity Score:  58.651009502573885 , Rank:  1
Model:  LBP3x3 , Similarity Score:  58.15266077945786 , Rank:  1

 14 angkor_wat ( 12 / 30 )
Model:  CM3x3 , Similarity Score:  57.67941633660188 , Rank:  4
Model:  CN3x3 , Similarity Score:  55.06825511564746 , Rank:  1
Model:  CSD , Similarity Score:  55.43068524560071 , Rank:  1

 28 civic_center_san_francisco ( 8 / 30 )
Model:  CSD , Similarity Score:  55.0436602373413 , Rank:  3
Model:  GLRLM3x3 , Similarity Score:  59.585648795391734 , Rank:  1

 20 brandenburg_gate ( 7 / 30 )
Model:  HOG , Similarity Score:  58.12816862986123 , Rank:  2
Model:  LBP3x3 , Similarity Score:  57.64964716210006 , Rank:  3

-------------------------------------------------------------------------------------------------------------------------------------------------------

LDA


Enter the reduction that you would like to perform 
 1.PCA 2.SVD 3.LDA : 3

Enter the value of k 5




LDA for Location:  colosseum


Latent Semantic Term - Weight Pairs: 
topic =  0 => [0.99555381 0.85135404 0.95080445 0.72784456 0.79524832 0.81923458
 0.8703007  0.81360806 0.83034146 0.83770382 0.90127199 0.78896609
 0.62539867 0.88274786 1.00628761 1.01999213 0.97880264 0.93255548
 0.74673215 0.66165158 0.89440724 0.87913589 0.74518001 0.70626169
 0.75979929 0.77880071 0.67632743 0.78712967 0.7309831  0.85330533
 0.82986106 1.16590459 0.81418152 0.79278855 0.75390039 0.67877734
 0.68856757 0.82205848 0.8764546  0.81455706 0.8227138  0.76008997
 0.76436101 0.80624309 0.71179176 0.89339046 0.87610301 1.01708606
 0.99186842 0.82107781 0.79083926 0.89188481 0.83675208 0.84548391
 0.82919271 0.83705039 0.71444339 0.89183865 0.76173351 0.75849576
 0.94327389 0.90236124 0.81459911 1.06285431 0.95377159 0.90630767
 0.84991333 0.72264553 0.83440776 0.893303   0.79360693 0.9500148
 0.74890698 0.86125894 0.74662007 0.86310689 0.82817997 0.75441047
 0.84837549 1.02624562 0.83280323 0.91632361 0.81562547 0.93118624
 0.80193636 0.74434563 0.74976648 0.77593069 0.76419957 0.96783981
 0.70507781 0.87277837 0.72690729 0.72282877 0.90549375 1.03271254
 0.83921476 0.89177865 0.76514912 0.75039004 0.78594979 0.69806082
 0.86228533 0.69529141 0.72489338 0.82181214 0.70157872 0.831592
 0.83694443 0.82107398 1.00514668 1.08778468 0.88906547 0.8260262
 0.90127501 0.84854671 0.80984814 0.74032117 0.83972278 0.79933404
 0.87204581 0.84139834 0.72518437 0.78265548 0.97592985 0.82326358
 0.80700942 1.01536209 0.9229796  0.85700377 0.71926735 0.76508778
 0.77283739 0.82294456 0.74069395 0.86557901 0.83382691 0.86969946
 0.7816154  0.79080143 0.88536098 0.9059019  0.87742702 0.94868619]

topic =  1 => [0.91009947 0.87355954 0.69522428 0.84213068 0.75983676 0.78461322
 0.6830019  0.81910651 0.77426082 0.8192066  0.93807544 0.83217541
 0.83183207 0.82210329 0.69082467 1.34020886 0.81193296 0.94003769
 0.7330515  0.88799353 0.75621991 0.75398055 0.99603543 0.73025514
 0.80245176 0.85323524 0.75860856 0.82980534 0.78576372 0.77906166
 0.74069914 1.07902401 0.91810305 0.81101047 0.80004572 0.87882255
 0.77397834 0.79577315 0.81411568 0.79758417 0.81428066 0.74669007
 0.70676547 0.78064823 0.7442175  0.90006236 0.89472114 1.07397885
 0.78568471 0.87036298 0.90082952 0.76832743 0.76311921 0.70849776
 0.79045217 0.78851211 0.77757767 0.8309959  0.7377071  0.71292415
 0.75340787 0.79531284 0.80271662 1.06981611 0.98638666 0.86733777
 0.82076604 0.81259824 0.79470313 0.71417373 0.88696746 0.78992147
 0.85176644 0.71237425 0.67599245 0.84239535 0.80277218 0.71660227
 0.96886778 1.00850983 0.88631403 0.72519224 0.88604541 0.88705728
 0.76853915 0.71486357 0.7043439  0.83461121 0.86311278 0.82411492
 0.69191218 0.87148042 0.93253933 0.88181192 0.95498201 1.15137753
 0.99305489 0.88302811 0.81795414 0.80756098 0.77309934 0.81445737
 0.88475438 0.82765089 0.86486054 0.8202051  0.76477757 0.73306723
 0.8647257  0.8285015  0.7796828  0.9838334  0.96187045 0.86413722
 0.7883803  0.65258869 0.77713725 0.72478772 0.78698887 0.99792889
 0.65092626 0.83925718 0.77291053 0.7643645  0.90061015 0.76712834
 0.89989578 1.060629   0.98899879 0.66362799 0.93750357 0.8430057
 0.81109971 0.80924448 0.90792781 0.90822895 1.01884288 0.81616148
 0.72090569 0.8095995  0.88321516 0.80921195 0.72714595 0.8800966 ]

topic =  2 => [0.85971301 0.88985568 0.73668642 0.79419779 0.80328099 0.91393633
 0.66861409 0.71997592 0.79912323 0.72132494 0.62121451 0.84719577
 0.87367651 0.7922311  0.76701332 0.80441005 0.80742249 0.7007237
 0.7561653  0.74949539 0.87110893 0.73503037 0.85552331 0.76309392
 0.73301389 0.88216739 0.68624488 0.72841975 0.79513473 0.66470948
 0.73462256 0.83617239 0.79116989 0.82326242 0.78636972 0.83819278
 0.72497207 0.70163299 0.6521221  0.73531622 0.70084099 0.84202461
 0.76390476 0.81484349 0.82062356 0.8187507  0.81292143 0.85485284
 0.76265868 0.77092722 0.67808948 0.81211711 0.68563742 0.73846572
 0.79302796 0.75537285 0.82651436 0.85132782 0.79649589 0.80746985
 0.83133616 0.75959436 0.75952615 0.72291124 0.79213173 0.78682053
 0.81916658 0.75490516 0.71839861 0.79868629 0.77875702 0.88623356
 0.8596362  0.71485052 0.85731504 0.77779954 0.80227845 0.63063988
 0.80323375 0.84115628 0.76855298 0.71961586 0.71871869 0.69347439
 0.75069625 0.73406975 0.64981604 0.81023194 0.64924644 0.72037784
 0.71399108 0.8591144  0.73899439 0.87148    0.73977587 0.62217609
 0.79490572 0.97389215 0.68170312 0.65987097 0.75852725 0.72440045
 0.79819136 0.86366253 0.72585501 0.86656546 0.85020659 0.78084489
 0.73100639 0.83753932 0.73637031 0.78773118 0.74068417 0.75428588
 0.75639416 0.74488524 0.67332328 0.7177743  0.84523473 0.82548272
 0.74574504 0.72675887 0.97664001 0.63235233 0.82268375 0.69634187
 0.70481561 0.72763593 0.7431146  0.82864986 0.65955327 0.80366394
 0.81658359 0.91027402 0.83474224 0.73229153 0.7845489  0.67679938
 0.8337559  0.78542117 0.77378759 0.78646091 0.751389   0.81042988]

topic =  3 => [0.72331305 0.79735981 0.77795509 0.75756675 0.89514155 0.81795235
 0.81830381 0.79215143 0.68622732 0.77964632 0.72576086 0.77811434
 0.71718942 0.88452546 0.79031313 0.73455054 0.89489344 0.84226402
 0.85205901 0.81001873 0.6649754  0.77109222 0.85866578 0.73432529
 0.73268815 0.91131983 0.71902978 0.78257199 0.7793564  0.78479688
 0.72579747 0.77533421 0.81269415 0.95747914 0.80640443 0.85525829
 0.78508706 0.84415671 0.81785006 0.80423342 0.8529158  0.948317
 0.83552727 0.7429599  0.72703721 0.78623434 0.75968235 0.71940704
 0.67941739 0.75543357 0.87056723 0.79313492 0.78372427 0.78712425
 0.77516631 0.80397938 0.86232446 0.73821526 0.83161734 0.70796163
 0.78426815 0.66218275 0.78953652 0.78546807 0.86288925 0.74779346
 0.73699961 0.81533639 0.68355858 0.93452875 0.72302622 0.67493444
 0.6799307  0.73509403 0.80662172 0.79591452 0.74331987 0.70224316
 0.72734032 0.70298446 0.70708019 0.85749467 0.80926027 0.76958591
 0.69160053 0.87621614 0.78753012 0.96486461 0.80747781 0.8949848
 0.90139406 0.76310025 0.75796526 0.72470752 0.71445107 0.93241654
 0.73815115 0.74729147 0.81048697 0.87905006 0.77672532 0.79895979
 0.82020543 0.7730787  0.88758414 0.7535931  0.84423729 0.72527909
 0.75435245 0.85472535 0.74962116 0.79359044 0.84653194 0.84596752
 0.79901329 0.88651395 0.75255161 0.71913754 0.80887262 0.77101551
 0.71533825 0.81464092 0.75075126 0.83577405 0.81304629 0.7965235
 0.80716085 0.83014718 0.71419267 0.76087284 0.752379   0.78851984
 0.79836083 0.79451332 0.82295042 0.65745796 0.71093518 0.91123736
 0.72389409 0.71790837 0.7963245  0.79008631 0.75637109 0.72291092]

topic =  4 => [0.71879219 0.70927611 0.73038045 0.79140822 0.83880969 0.85992135
 0.8154855  0.66130041 0.82603825 0.86833697 0.81172006 0.74014006
 0.73015508 0.7243429  0.77638368 0.91205745 0.69896423 0.88179528
 0.79885272 0.69505929 0.78921219 0.80793343 0.80585093 0.81343909
 0.77668886 0.68502548 0.78615145 0.85273188 0.72056996 0.81158703
 0.76013748 0.80888846 0.76526563 0.72857711 0.83517514 0.78512908
 0.67022011 0.7283597  0.83965659 0.77788106 0.70392019 0.7818611
 0.73979837 0.7607734  0.87689439 0.82441417 0.83952549 0.72615934
 0.7856567  0.81474238 0.88559773 0.76914131 0.71239754 0.73764856
 0.85473905 0.77330308 0.70194839 0.78829911 0.77100294 0.76418725
 0.79732229 0.79283782 0.68544194 0.73007472 0.85660597 0.76881273
 0.7730827  0.77204056 0.87615114 0.76660207 0.80051009 0.82189631
 0.78603436 0.80696602 0.90664058 0.67690793 0.85148981 0.83743023
 0.85058682 0.83952379 0.81762095 0.7986129  0.84329369 0.77223496
 0.92436181 0.77505725 0.74202794 0.85723061 0.76044575 0.7598061
 0.79882242 0.862971   0.76170943 0.8717476  0.77485418 0.7780692
 0.90725954 0.86560634 0.64964963 0.82535863 0.72057823 0.64756502
 0.70549327 0.69811457 0.84712133 0.72301602 0.82018397 0.81372318
 0.79537776 0.85343922 0.8428653  0.85640342 0.82069761 0.75927766
 0.77417235 0.83923614 0.73022141 0.80276161 0.73053498 0.91617157
 0.8542296  0.80124595 0.74137912 0.70702116 0.82086421 0.80972578
 0.82051671 0.85185071 0.78010521 0.66875138 0.86397363 0.8263491
 0.60032413 0.86728015 0.74435521 0.75099789 0.7571609  0.94262474
 0.81769725 0.81033326 0.68336113 0.93479924 0.91230744 0.75401932]

*Similarly done for all locations*
 
Enter the Location ID: 21


 Similarity score for location id:  21  location name:  cabrillo

 8 cn_tower ( 10 / 30 )
Model:  CN3x3 , Similarity Score:  68.53514000122036 , Rank:  1
Model:  CSD , Similarity Score:  69.99996697305072 , Rank:  1

 11 albert_memorial ( 10 / 30 )
Model:  CM3x3 , Similarity Score:  69.91935514821616 , Rank:  3
Model:  CN3x3 , Similarity Score:  68.09136568500463 , Rank:  3
Model:  CSD , Similarity Score:  69.99996550900269 , Rank:  2

 22 casa_batllo ( 8 / 30 )
Model:  CSD , Similarity Score:  69.99996393787671 , Rank:  3
Model:  LBP3x3 , Similarity Score:  67.51033861233654 , Rank:  1

 24 castillo_de_san_marcos ( 7 / 30 )
Model:  CM3x3 , Similarity Score:  69.920024190253 , Rank:  2
Model:  GLRLM3x3 , Similarity Score:  51.57792042592109 , Rank:  3

 30 colosseum ( 6 / 30 )
Model:  CM3x3 , Similarity Score:  69.91381435693569 , Rank:  4
Model:  HOG , Similarity Score:  69.99997594330699 , Rank:  2

------------------------------------------------------------------------------------------------------------------------------------------------------
LDA


Enter the reduction that you would like to perform 
 1.PCA 2.SVD 3.LDA : 3

Enter the value of k 4


LDA for Location:  colosseum


Latent Semantic Term - Weight Pairs: 
topic =  0 => [0.98079884 0.8477588  0.9552078  0.7341453  0.79921831 0.82864217
 0.87178393 0.81675154 0.83664329 0.83802402 0.91135215 0.79233959
 0.63161754 0.87199897 1.002275   0.83827612 0.96261974 0.93047135
 0.74750051 0.66765057 0.89979126 0.88919578 0.73904009 0.70897967
 0.76629654 0.77967067 0.68657586 0.79162358 0.73846536 0.84999688
 0.82228473 0.99361863 0.79438948 0.78975579 0.7533045  0.68379579
 0.69267074 0.83197136 0.87064021 0.81649923 0.83026329 0.76118196
 0.77480521 0.81000494 0.71925522 0.88783879 0.86083456 0.85321318
 0.95307298 0.80877673 0.78510323 0.89646383 0.83650783 0.85266961
 0.82492719 0.83795239 0.7167128  0.88764448 0.76943875 0.7573591
 0.94788981 0.89087556 0.80299189 0.97633884 0.90665005 0.89387411
 0.84212381 0.72634153 0.83287232 0.90056069 0.78396776 0.95101794
 0.7505819  0.85622664 0.7540602  0.86074489 0.8322924  0.74415038
 0.83526523 0.95802829 0.7934141  0.90755969 0.81036616 0.93573827
 0.80241246 0.75236813 0.73941089 0.77625941 0.76835162 0.9647942
 0.71351498 0.87249635 0.73171672 0.712023   0.89188854 0.93644091
 0.78646589 0.87356856 0.76003559 0.75403112 0.78483102 0.70442857
 0.85989947 0.69544221 0.72619193 0.81706602 0.70909378 0.83037548
 0.84068858 0.81027207 0.99151711 1.02111962 0.83759467 0.80822043
 0.89745581 0.85288492 0.80851151 0.74729101 0.83550809 0.79912689
 0.87449808 0.83708447 0.73245063 0.78079031 0.97979981 0.81547878
 0.79072455 0.9450232  0.87589111 0.84350108 0.7141061  0.7686516
 0.7714474  0.82999068 0.73409772 0.86626206 0.83627274 0.86510179
 0.78948239 0.78930185 0.89002474 0.89895965 0.86306194 0.87054786]

topic =  1 => [0.97097499 0.91256922 0.72550849 0.86715805 0.78851476 0.80474281
 0.7172163  0.84846106 0.79883009 0.85389652 0.95783924 0.86189304
 0.85634185 0.87086394 0.73261967 1.60486501 0.86952925 0.98003489
 0.76558097 0.91296434 0.78233067 0.77322975 1.03855761 0.75910626
 0.82642294 0.88591533 0.77742575 0.85772393 0.80899303 0.82087691
 0.78739081 1.33220173 0.98422427 0.84851447 0.83651782 0.90478904
 0.80275389 0.81572934 0.85639163 0.82800461 0.8374678  0.77892379
 0.72585223 0.81002101 0.76741215 0.94474025 0.9479375  1.30935085
 0.87301983 0.92022106 0.9432792  0.79448457 0.79666603 0.73102443
 0.83014205 0.81956246 0.8054816  0.87008853 0.75931558 0.7468389
 0.7793005  0.84542344 0.85155003 1.22903254 1.08329049 0.91892728
 0.86359212 0.83986577 0.82955233 0.73603922 0.93296628 0.82070745
 0.88131996 0.75225748 0.69742168 0.8774999  0.82952575 0.76479927
 1.02202678 1.14806776 0.97728281 0.76947228 0.92801148 0.91429283
 0.80213059 0.73630334 0.7503922  0.86607968 0.89091108 0.86282396
 0.71283931 0.90551197 0.95929376 0.9301802  1.0078745  1.31729697
 1.09949045 0.93765811 0.85946889 0.83520681 0.80759756 0.83829677
 0.92159596 0.85908544 0.89494282 0.85908436 0.78674318 0.76778366
 0.89206274 0.87658206 0.82944756 1.11994322 1.06678479 0.92094394
 0.82731596 0.67858544 0.8120348  0.74779615 0.82549068 1.03065803
 0.67924695 0.87865887 0.79489682 0.79962946 0.92760702 0.8111628
 0.95585455 1.19909721 1.09219665 0.71269415 0.97865632 0.87106277
 0.84532304 0.83189684 0.95016525 0.94088072 1.04887286 0.85655406
 0.74254722 0.84488534 0.91003516 0.85193362 0.7801767  1.01792427]

topic =  2 => [0.87148303 0.90325818 0.74947703 0.80758116 0.81684117 0.9275558
 0.68197209 0.73332911 0.81278743 0.73442912 0.63449214 0.86077063
 0.88743253 0.80474199 0.78062949 0.82704115 0.82061906 0.71345579
 0.76902347 0.76290067 0.88507199 0.74859596 0.86812125 0.77718483
 0.74655979 0.89583446 0.69989648 0.74173799 0.80875708 0.67696587
 0.7483911  0.8610041  0.80359082 0.83688953 0.79929893 0.8518289
 0.73819898 0.71510749 0.66459547 0.748881   0.71426278 0.85534009
 0.7775615  0.82825446 0.83438909 0.83116933 0.8267161  0.88310483
 0.7783855  0.78469502 0.69071482 0.8260736  0.69941214 0.75230814
 0.80719718 0.76930079 0.84108326 0.86554538 0.81049615 0.82217402
 0.84560897 0.77301204 0.77368586 0.73468196 0.80684856 0.80054393
 0.8332645  0.76866832 0.73273499 0.81277296 0.7922416  0.9005803
 0.87384197 0.72901315 0.87172979 0.79204518 0.81624219 0.64399506
 0.81676381 0.85498286 0.7837671  0.73393398 0.73226008 0.7069071
 0.76456752 0.74799735 0.66380201 0.82425662 0.66263792 0.73320487
 0.72794519 0.87297267 0.75249149 0.88521271 0.75311402 0.6312557
 0.81039698 0.99014328 0.69433841 0.67353635 0.77212142 0.73812276
 0.81203478 0.87811668 0.73992146 0.88092638 0.8644116  0.79486451
 0.74496342 0.85093744 0.75181069 0.79918697 0.75510153 0.76841786
 0.77023523 0.75934313 0.68645369 0.73180236 0.85934159 0.83963975
 0.76048427 0.73992929 0.99111728 0.64544068 0.83676663 0.70949118
 0.71848435 0.73825005 0.75635116 0.84480513 0.67283072 0.81759413
 0.83012854 0.92441908 0.84855825 0.74595988 0.79826016 0.68956709
 0.84793582 0.79891806 0.78746252 0.80023407 0.7660297  0.82881789]

topic =  3 => [0.73408085 0.81033556 0.79083277 0.77097632 0.90846563 0.83149391
 0.83190464 0.80551515 0.69950421 0.79278244 0.73907807 0.79087193
 0.73050798 0.89790467 0.80327702 0.7390733  0.90933865 0.8545781
 0.86617993 0.82364533 0.67831313 0.78489897 0.87147652 0.74832435
 0.74655305 0.92477395 0.73283806 0.79614339 0.79287727 0.79830848
 0.7384703  0.77793241 0.82462446 0.9711212  0.81930922 0.86873959
 0.79828491 0.85774335 0.83099347 0.81765522 0.86652298 0.96250989
 0.84913787 0.75598495 0.74048081 0.79904345 0.7719796  0.7255862
 0.68966    0.76785963 0.88330839 0.80672152 0.79683703 0.80071774
 0.78803354 0.81769796 0.87615312 0.75071719 0.84529141 0.72091169
 0.79769463 0.67403099 0.80241918 0.79613695 0.87491845 0.75973009
 0.74991085 0.82905842 0.6966498  0.94853614 0.73534835 0.68827007
 0.69326048 0.74790342 0.82058807 0.80915149 0.7567519  0.71484683
 0.73906635 0.71012029 0.7171241  0.87142998 0.82175753 0.78274354
 0.70457226 0.8900844  0.80099342 0.97872226 0.82086701 0.9084517
 0.91529512 0.77606025 0.77121809 0.73737612 0.72590822 0.94481702
 0.74731906 0.7591561  0.82401785 0.89262121 0.79007947 0.8124093
 0.83355339 0.78634889 0.90104053 0.76660943 0.8578939  0.73849966
 0.76746705 0.86853726 0.76178912 0.80426867 0.85763269 0.85800502
 0.81265092 0.90050369 0.76624908 0.73256229 0.8226729  0.78397966
 0.72894402 0.82787741 0.76421842 0.84974611 0.8262989  0.81030908
 0.81910869 0.84015017 0.72260962 0.77358203 0.76543604 0.80177919
 0.81217093 0.80799393 0.83643626 0.67019279 0.72368907 0.92531085
 0.73740163 0.73135239 0.80951959 0.80366944 0.76843521 0.73368431]

*Similarly done for all locations*
 
Enter the Location ID: 16


 Similarity score for location id:  16  location name:  arc_de_triomphe

 28 civic_center_san_francisco ( 13 / 30 )
Model:  CN3x3 , Similarity Score:  67.26305431577542 , Rank:  1
Model:  CSD , Similarity Score:  69.99997446290027 , Rank:  2
Model:  GLRLM3x3 , Similarity Score:  61.43269651507586 , Rank:  2

 19 bok_tower_gardens ( 10 / 30 )
Model:  CM3x3 , Similarity Score:  68.19802103694444 , Rank:  4
Model:  CN3x3 , Similarity Score:  65.92848207075066 , Rank:  2
Model:  LBP3x3 , Similarity Score:  69.9995331953813 , Rank:  2

 5 pont_alexandre_iii ( 8 / 30 )
Model:  CN3x3 , Similarity Score:  65.5551583431998 , Rank:  3
Model:  GLRLM3x3 , Similarity Score:  66.07761887521761 , Rank:  1

 18 berlin_cathedral ( 8 / 30 )
Model:  CSD , Similarity Score:  69.99997590295726 , Rank:  1
Model:  HOG , Similarity Score:  69.99988365900063 , Rank:  3

 21 cabrillo ( 8 / 30 )
Model:  HOG , Similarity Score:  69.99998507835008 , Rank:  1
Model:  LBP3x3 , Similarity Score:  69.99946705000298 , Rank:  3
