Enter the value of k 4


Latent Semantic Term - Weight Pairs: 
k =  0 => [-0.32017946  0.04328962 -0.03594815  0.11902135 -0.12412413 -0.26057337
 -0.3208171  -0.15232066  0.01996841 -0.31870718  0.1139727   0.00094903
 -0.20938     0.0200678  -0.37230187  0.02604007 -0.05862691 -0.01170261
 -0.19226408 -0.13359913  0.00567673 -0.05790492 -0.10093568 -0.17709063
 -0.09162601  0.05942582 -0.43492461 -0.17059883 -0.19606416 -0.01659162]
k =  1 => [ 0.06157867 -0.33255477 -0.11943055  0.0638224   0.22409632 -0.41878832
  0.04302485 -0.06684507 -0.27343118  0.05463165  0.03732784  0.42584623
 -0.23099838  0.13453766  0.25368587 -0.17829497 -0.09417043  0.01934148
 -0.01349239  0.14991752  0.28876368  0.15981841  0.10516479 -0.05894982
 -0.00258946  0.0188209  -0.13182846 -0.03461695  0.17648117 -0.04264007]
k =  2 => [-0.00480439  0.25357816 -0.29983309  0.13950694 -0.34451304 -0.37828151
  0.02529281  0.14908885  0.00137784  0.16972876  0.01750365  0.1607712
  0.14163737 -0.0286993   0.12722947  0.06498891  0.06215176 -0.00273462
  0.32306695  0.02365039  0.05035299 -0.04475915 -0.07701075  0.08334735
  0.18503022 -0.28889065 -0.04680546  0.09928582 -0.42255345  0.10434766]
k =  3 => [ 0.07018731 -0.10548132 -0.11028772  0.2470859   0.05106036  0.01397161
 -0.18743041 -0.02944544 -0.29724597 -0.06028064 -0.0178945   0.20018876
  0.28356537 -0.53571134 -0.04871797  0.08088685  0.20811255  0.18696633
 -0.07679145 -0.13165552 -0.06774091  0.02428686 -0.1022841   0.38784298
 -0.02616672  0.29288822 -0.03793984  0.05705003  0.03979646 -0.05412904]
 
------------------------------------------------------------------------------------------------------------------------------------------------------ 
Enter the value of k 6


Latent Semantic Term - Weight Pairs: 
k =  0 => [-0.28791351  0.03604481 -0.0465832   0.13834661 -0.12378242 -0.26746919
 -0.32135735 -0.17622916  0.03145393 -0.28329089  0.12357658 -0.01525856
 -0.20229905 -0.0117472  -0.35725694  0.03704474 -0.06720893 -0.0391962
 -0.20691356 -0.16815529  0.05034458 -0.10032326 -0.13358256 -0.18853201
 -0.10934737  0.02628003 -0.45710645 -0.13218242 -0.15443379  0.02112665]
k =  1 => [ 1.05293604e-01 -5.35662581e-01  5.92867434e-02 -6.08619967e-02
  2.55399664e-01  5.04573296e-02 -3.49370403e-04  3.13568127e-01
  1.24161392e-01  8.26544658e-02  1.82748119e-02 -9.82905578e-02
 -2.65656254e-02  2.05860080e-01 -3.99817060e-03 -6.49869860e-02
 -5.57252978e-02  5.77217410e-02 -6.31642287e-02  2.80932368e-01
  1.71411329e-01  9.75374678e-02 -2.51446099e-03 -3.48014636e-01
 -1.19417768e-01 -9.09849530e-02 -2.92203828e-01 -2.26223280e-01
  1.98808041e-01 -3.32300260e-02]
k =  2 => [-0.01762461  0.15592491 -0.00978139 -0.01094828  0.12219816  0.48745106
  0.17423453 -0.07097991 -0.10630747 -0.16768784 -0.04525353 -0.53851243
 -0.15901391  0.00177324 -0.16342584  0.02164399 -0.14971562 -0.10752604
 -0.30101954 -0.09177387 -0.05197693  0.11208824  0.09374945 -0.04029039
 -0.1502381   0.25152518  0.03173675  0.06483954  0.2175706   0.07887486]
k =  3 => [-0.02350721  0.31730054 -0.16035139  0.07564868 -0.23145137 -0.11700756
  0.25061554  0.10252719  0.10338292  0.05183521  0.09907444 -0.14551842
 -0.10692443  0.36211587  0.16333761  0.0216139  -0.18618825 -0.27141706
  0.09755633  0.01321125  0.10599582  0.04017193  0.02337986 -0.28184149
 -0.08073561 -0.41728395  0.07287721 -0.0098482  -0.09618436  0.32637375]
k =  4 => [ 0.20894905  0.0073051  -0.1090997   0.27135471  0.10437024  0.14830306
 -0.05443234  0.35956448  0.20961359 -0.05606776 -0.21557837 -0.23801733
  0.19891411 -0.39580166 -0.06957152  0.07961783  0.19278801 -0.1485996
  0.18831924 -0.17797689 -0.06314956 -0.12574131 -0.05645454  0.04940441
  0.11620228 -0.15031807 -0.2622889   0.01775825 -0.17107783  0.24841317]
k =  5 => [-0.12741722  0.04142149  0.35453922 -0.00570948 -0.37599671  0.01609728
 -0.0629742   0.09074555  0.21131273  0.2933096   0.20286338 -0.24325008
  0.15336852 -0.1778698  -0.05878374  0.15460078 -0.00958428  0.21343388
 -0.01311926  0.12495221 -0.40101738 -0.11671338  0.00681662 -0.04793266
 -0.33256608 -0.07472496  0.082227   -0.15349875  0.04701918 -0.04506764]