Task 3
--------------------------------------------------------------------------------------------------------------------------------------------------

PCA



Enter the reduction that you would like to perform 
 1.PCA 2.SVD 3.LDA : 1

Enter the model to be considered: GLRLM

Enter the value of k 6

PCA for Location:  angel_of_the_north

Total Variance Accounted for:  92.78526347845927


Latent Semantic Term - Weight Pairs: 
k =  0   [-0.12185988  0.07629546  0.1959567   0.20074157  0.19691396  0.16518432
 -0.15771616 -0.07957447 -0.06615573  0.17459515 -0.12525031 -0.11044667
  0.04998899  0.20153086  0.2022996   0.20888639  0.18138577 -0.15611955
 -0.05877463 -0.08951017  0.1785275  -0.13401329 -0.09853579  0.01987117
  0.20004901  0.20359836  0.20615499  0.18074264 -0.12499924 -0.02592082
 -0.10007229  0.17296357 -0.11283654 -0.11134052  0.05089898  0.20115241
  0.20235309  0.20887662  0.17849212 -0.1548142  -0.06196243 -0.09615158
  0.17774466 -0.13468828]

k =  1   [ 0.24181638 -0.24093677  0.09962725  0.06400822  0.096932    0.1145897
 -0.00683828  0.2773058  -0.04129433 -0.08359984  0.01979496  0.26106562
 -0.24485227  0.09122623  0.05583065  0.07385002  0.10898146 -0.02750667
  0.30063806 -0.04150233 -0.08464232 -0.00716565  0.27380301 -0.23121419
  0.0847207   0.04750595  0.05153911  0.10259239 -0.03187967  0.29902832
 -0.02496667 -0.06748469 -0.02394783  0.26199664 -0.24302842  0.09444647
  0.0577928   0.07634676  0.11221758 -0.0206737   0.29972411 -0.03170977
 -0.08372178 -0.00670944]

k =  2   [ 0.06173895  0.17944344  0.09002649  0.00033244  0.05035752  0.15263805
  0.21425167  0.12948646  0.05532571  0.2019047   0.22798558  0.05824413
  0.19547125  0.07928812 -0.01539754  0.02653866  0.12272135  0.25288131
  0.12093935  0.08125351  0.19564551  0.26641016  0.03631338  0.20561965
  0.08444515  0.00059518  0.02730397  0.10396489  0.24970154  0.07968054
  0.10638772  0.20339913  0.26324208  0.06343981  0.19053587  0.08055333
 -0.01571108  0.02674885  0.13023583  0.24578886  0.12761831  0.08715067
  0.1979782   0.26843297]

k =  3   [ 0.14821456  0.16638536  0.01488207 -0.04549228  0.0211207  -0.08393157
 -0.04357793  0.07033628  0.3534975   0.05792921 -0.21575465  0.14941824
  0.16000578  0.01716316 -0.036135    0.01666188 -0.07261852 -0.111217
  0.06870563  0.37554844  0.07382919 -0.23224031  0.1483778   0.1427733
  0.02173847 -0.01896362  0.01300953 -0.04313612 -0.13751188  0.09145621
  0.32427654  0.06737769 -0.2234171   0.14392641  0.16760045  0.01760301
 -0.03482957  0.01726312 -0.07952931 -0.10621728  0.05456757  0.3536446
  0.07422715 -0.22876113]

k =  4   [-0.15943839 -0.20254092  0.08059186  0.12612262  0.05594881  0.01807797
  0.17561029 -0.15600576  0.3128711  -0.11176688  0.06027531 -0.14079691
 -0.23259748  0.0843608   0.12534698  0.0563457   0.04678725  0.1181656
 -0.14512277  0.30036425 -0.09487435  0.04638765 -0.10033365 -0.26575753
  0.09196676  0.12696741  0.08056586  0.04975866  0.13000774 -0.09681656
  0.28001496 -0.10676406  0.07936025 -0.13872482 -0.23791885  0.08315202
  0.12388804  0.05533714  0.04986992  0.15630296 -0.14168579  0.31586777
 -0.09735456  0.07718171]

k =  5   [ 0.15750772  0.06700197  0.12634102  0.19547429  0.16979687 -0.25585675
 -0.16140775  0.02205317 -0.15848332 -0.11049185 -0.14871012  0.13065872
  0.07395353  0.12340365  0.19036468  0.12385774 -0.25778884  0.00968266
 -0.00502317 -0.08249328 -0.12643677  0.00320616  0.04968325  0.18078455
  0.11102622  0.15551451  0.0825508  -0.31659581  0.27091836 -0.15027654
  0.090965   -0.1445239   0.25696414  0.11589839  0.08637783  0.11811883
  0.18597251  0.11902673 -0.27402993  0.07843468 -0.04268225 -0.02988738
 -0.12709009  0.06276869]



Strength of the  6  Latent Semantics: 
PC1 46.7
PC2 18.5
PC3 11.4
PC4 7.7
PC5 5.8
PC6 2.7

*Similarly done for all the locations *
 
Enter the Image ID: 2614112752

Corresponding Location of Image:  christ_the_redeemer_rio


Most Similar 5 Images for ID =  2614112752

USING COSINE SIMILARITY:
['6045528844', 0.9877730096314564, 'agra_fort']
['3230913318', 0.9855062259463421, 'bok_tower_gardens']
['3200086243', 0.9826722228406044, 'bok_tower_gardens']
['5495833815', 0.9824750120716814, 'berlin_cathedral']
['112244038', 0.9813227817172023, 'chichen_itza']

Most Similar 5 Locations for Img ID =  2614112752  and Location ID:  christ_the_redeemer_rio

USING COSINE SIMILARITY:
[30, 'colosseum', 1.4762941276790085]
[29, 'cologne_cathedral', 1.3677878595267092]
[28, 'civic_center_san_francisco', 1.3142511352841155]
[26, 'chichen_itza', 1.2707248014516785]
[25, 'chartres_cathedral', 1.2315465047909313]

------------------------------------------------------------------------------------------------------------------------------------------------------

PCA

Enter the reduction that you would like to perform 
 1.PCA 2.SVD 3.LDA : 1

Enter the model to be considered: LBP3x3

Enter the value of k 5



PCA for Location:  colosseum

Total Variance Accounted for:  49.05701956548821


Latent Semantic Term - Weight Pairs: 
k =  0   [-0.12848345 -0.05622176 -0.07466526 -0.12087405 -0.08424093 -0.1329378
 -0.02794755 -0.11799555 -0.12895677 -0.04520299 -0.13170646 -0.09897923
 -0.12067819  0.05267107 -0.05772801  0.12007249 -0.12108923 -0.05194206
 -0.06663698 -0.10694761 -0.09661642 -0.13599053 -0.00111197 -0.10258647
 -0.12606987 -0.04094978 -0.13305757 -0.10440102 -0.11131532  0.02678244
 -0.03645437  0.11138168 -0.12055909 -0.04238794 -0.07386902 -0.08824477
 -0.08242464 -0.13071015  0.00943533 -0.09653053 -0.13475658 -0.04035127
 -0.12962466 -0.0952957  -0.11763257 -0.00254609 -0.01615082  0.11406524
 -0.10964485 -0.02052986  0.00075227 -0.10412139 -0.02651196 -0.11732072
  0.04980731 -0.1118915  -0.13079916  0.0128636  -0.12386063 -0.05369158
 -0.11067067  0.06447438 -0.03138188  0.09549672 -0.10246681  0.01049184
 -0.012099   -0.08510667 -0.04995393 -0.12314369  0.05576051 -0.10305964
 -0.12379704  0.0278313  -0.12458438 -0.05942448 -0.08885977  0.05413262
  0.00879809  0.09115363 -0.08895727  0.00787374 -0.00984371 -0.0834619
 -0.04192702 -0.12316554  0.05189779 -0.1069695  -0.13341576  0.0466047
 -0.1244239  -0.04883309 -0.10612722  0.04278595  0.0108702   0.07775565
 -0.06794556  0.02797402 -0.01003929 -0.07555771 -0.00971427 -0.10673887
  0.05311745 -0.10751153 -0.11852064  0.03748307 -0.11321801 -0.02277124
 -0.08775767  0.02594217  0.01720317  0.06166517 -0.06110302  0.03958952
 -0.00019948 -0.0803549  -0.01507581 -0.11038592  0.0627245  -0.1039218
 -0.11383207  0.04837311 -0.11292224 -0.02490157 -0.08894547  0.03701021
  0.01839431  0.04662585 -0.05411738  0.04803189 -0.01117447 -0.06977704
 -0.02969393 -0.11183621  0.0459357  -0.1087235  -0.12122923  0.0269434
 -0.11542226 -0.03219697 -0.09174483  0.01882506  0.03488089  0.05266684]

k =  1   [ 0.07790663 -0.02541779  0.15082045  0.05185662  0.12490176  0.08229748
  0.13211673  0.0444439   0.05269077  0.09980032  0.08350856  0.11297065
  0.06366687  0.07923399 -0.01323213 -0.10771976  0.10470557  0.00802676
  0.14876953  0.07737363  0.13316773  0.10894022  0.12452001  0.07180972
  0.10033002  0.1356601   0.10322062  0.13268273  0.11051301  0.09899774
  0.01295173 -0.14024644  0.06768883 -0.00730558  0.12805281  0.04447321
  0.11672325  0.07537151  0.13133825  0.0402815   0.06151215  0.1346339
  0.06801712  0.1184962   0.07030738  0.09994631  0.00017827 -0.11601935
 -0.07144768 -0.0929227   0.08884185 -0.04518353  0.0476218  -0.02870022
  0.11953533 -0.02940519 -0.05891533  0.09202341 -0.03509588  0.0494905
 -0.06878368  0.09908616 -0.08491551  0.00746685 -0.07427536 -0.09110178
  0.0975985  -0.05612836  0.04481531 -0.03386717  0.1149078  -0.03295901
 -0.05203728  0.12028263 -0.03666657  0.04886685 -0.05562137  0.12798695
 -0.08294539 -0.01115485 -0.06534104 -0.08975015  0.09918139 -0.02733696
  0.04616222 -0.0359831   0.09879872 -0.01303396 -0.05010568  0.10479696
 -0.02945512  0.05186912 -0.03613123  0.09712337 -0.0583878  -0.01656437
 -0.12331444 -0.06432616  0.05787345 -0.06350517  0.03235941 -0.05999798
  0.09675303 -0.0509577  -0.09683987  0.08997412 -0.0707603   0.03142069
 -0.09600711  0.09925855 -0.07442736  0.05972205 -0.12949627 -0.04455281
  0.0498213  -0.08659549  0.02291485 -0.08208382  0.1026756  -0.08288015
 -0.1084787   0.09494089 -0.09637836  0.01957166 -0.11257686  0.09962667
 -0.04990263  0.06563279 -0.12184132 -0.05442057  0.0530014  -0.07294166
  0.03184353 -0.0831865   0.11887908 -0.07696535 -0.10818457  0.10141132
 -0.09140997  0.03055844 -0.09934153  0.08570896 -0.04219263  0.0496268 ]

k =  2   [ 0.09904767  0.11809857  0.04788445  0.09070102  0.00129171  0.04172789
  0.01653012  0.04863226  0.05729745  0.04001078  0.04335065  0.01339072
  0.08505767  0.0151829   0.11753538 -0.09980876  0.09033944  0.11369722
  0.04507973  0.09417843  0.02268068  0.03804737  0.06020669  0.05488204
  0.05297912  0.06960283  0.03839691  0.02682685  0.07949272  0.01927079
  0.09374606 -0.10117639  0.0746997   0.11249243  0.02526361  0.08498875
  0.0018467   0.00286378  0.03606665  0.04928488  0.04509809  0.04909242
  0.01054243  0.0148844   0.07602455  0.00317328  0.03095676 -0.07620086
  0.06232543  0.13055963 -0.02086776  0.05143695 -0.10601002 -0.05271681
 -0.02217631 -0.01046778  0.00219671 -0.0026701  -0.04070774 -0.10386592
  0.03829851 -0.03688461  0.13648441 -0.04481919  0.01238961  0.11051691
 -0.06260754  0.02975062 -0.11537737 -0.06649882 -0.01412937 -0.0165587
 -0.01326067 -0.00501915 -0.06871454 -0.12203167  0.01253023 -0.04580999
  0.11577835  0.00604578  0.01887535  0.11928125 -0.05608234  0.02304764
 -0.10994205 -0.08244197 -0.01630526 -0.05445879 -0.03574156 -0.00621552
 -0.08200458 -0.12006801 -0.00257103 -0.03405155  0.1079849   0.00580408
  0.01788381  0.18611014 -0.1264339   0.01244501 -0.14416568 -0.1316223
 -0.05291192 -0.07588985 -0.06741986 -0.04557959 -0.12241335 -0.16084738
 -0.02664209 -0.12223425  0.17712583  0.04736678  0.00818303  0.18974466
 -0.12995194 -0.00434824 -0.15657704 -0.11941966 -0.07579574 -0.07872151
 -0.0768098  -0.0619116  -0.12025234 -0.16087953 -0.03293391 -0.10234912
  0.16422165  0.06105655  0.00782162  0.17746333 -0.11029181  0.00702717
 -0.17322647 -0.11422441 -0.07459858 -0.06680234 -0.06371311 -0.07094623
 -0.11567938 -0.178311   -0.03318706 -0.07929762  0.16188496  0.05870404]

k =  3   [-0.10409686 -0.13003484 -0.02740077 -0.09144872 -0.06422266 -0.03712454
 -0.05640564 -0.03812029 -0.09480697 -0.08140637 -0.04608464 -0.06390416
 -0.11940219  0.03374093 -0.1218934   0.11807927 -0.0147087  -0.09422608
  0.08864868 -0.00092639 -0.00828454  0.03463699  0.03375592  0.05142731
 -0.00973014 -0.04503216  0.04382292 -0.00282819 -0.02010273  0.06188452
 -0.07236998  0.00978     0.05579871 -0.03408729  0.1111324   0.06212537
  0.04519971  0.09194447  0.01752875  0.10197521  0.08356442  0.03564261
  0.08890129  0.05608569  0.07023657  0.10126776 -0.07264763 -0.0634664
 -0.13817838 -0.10774672 -0.0437124  -0.07040322 -0.11575817 -0.02124905
 -0.0934013   0.02441227 -0.07086763 -0.12330343 -0.02526181 -0.11605934
 -0.11480474  0.00547954 -0.10858606  0.19627074 -0.05032018 -0.15396376
  0.11177556  0.00594939 -0.02911488  0.0878142  -0.00934942  0.09090148
  0.0116915  -0.09714399  0.10783607 -0.02807592 -0.0307309   0.0664911
 -0.12503081  0.07017046  0.04177946 -0.09359654  0.09047664  0.08116058
 -0.00495219  0.12124077 -0.0487153   0.108456    0.09190633 -0.04044646
  0.11214727  0.02141214  0.05678717  0.09047951 -0.1324551  -0.02309622
 -0.10986893  0.00477702 -0.09926191 -0.03703135 -0.18194462 -0.01403362
 -0.09846337  0.02837685 -0.02609649 -0.1457931  -0.00809226 -0.17143388
 -0.05327056 -0.05934418  0.00054208  0.21697522 -0.08555987 -0.01681458
 -0.01822229  0.02156328 -0.17712687  0.04595815 -0.10643307  0.07268825
  0.02892194 -0.16818577  0.04365208 -0.17532066 -0.01263311 -0.04046562
 -0.01714777  0.1707706  -0.06473755 -0.04291047 -0.04665094  0.0122429
 -0.10914617  0.02705517 -0.09459467  0.04843747  0.01985931 -0.09820412
  0.03099391 -0.10640732  0.01434328  0.00435854 -0.02907177  0.13336721]

k =  4   [ 0.04495812 -0.03912908  0.02620822  0.08372261  0.0213962   0.11210336
 -0.06849137  0.1478931   0.15955321 -0.02690923  0.11765485  0.04047246
  0.11788479 -0.01011851 -0.01831922 -0.04182981 -0.00262136 -0.10041101
 -0.00275737  0.03432836  0.05277845  0.08289996 -0.02617887  0.12819688
  0.12556602 -0.00485843  0.08601927  0.05800782  0.06847977 -0.00272615
 -0.04073069 -0.01087865 -0.15144675 -0.12293437 -0.12321176 -0.10734882
 -0.11621977 -0.09963882 -0.03053558 -0.0339096  -0.08742935 -0.13334783
 -0.08813195 -0.11743134 -0.1035952  -0.09848911  0.08094731  0.1432471
 -0.04251874 -0.05389445 -0.0435723   0.07876019 -0.04389056  0.08308779
 -0.09653955  0.14771214  0.11650417 -0.08458444  0.07006907 -0.02486025
  0.09162464 -0.00344174 -0.03406226  0.03515684 -0.09945702 -0.09049568
 -0.10036779  0.05243193  0.0094101   0.06437828 -0.05898828  0.16380995
  0.12780651 -0.007856    0.04749144  0.02010435  0.07251828  0.00480316
 -0.10974245  0.08071312 -0.23505672 -0.11765548 -0.13519515 -0.09512828
 -0.11301513 -0.08072596  0.05500418  0.0484984  -0.08501099 -0.09789715
 -0.09143607 -0.11234179 -0.16111193 -0.06783987 -0.01945309  0.26439014
 -0.09436768 -0.05489096 -0.03932343 -0.00930296  0.02992819  0.01482909
 -0.06788742  0.03288366  0.01642656 -0.04893288 -0.00510372  0.00820547
  0.00746437  0.03097475 -0.04527063  0.0942388  -0.11408127 -0.03621193
 -0.10962576 -0.02471653  0.017764   -0.01279496 -0.04258458  0.02619685
  0.03134001  0.01415438 -0.02947035  0.00916367  0.00114815 -0.01219126
 -0.05396141  0.10720025 -0.14331675 -0.03576511 -0.09965384 -0.05037852
 -0.01826591 -0.04580572 -0.01000268  0.02445938 -0.04821454 -0.02095027
 -0.05422825 -0.02860654 -0.1042798  -0.0584583  -0.08099932  0.17661607]



Strength of the  5  Latent Semantics: 
PC1 19.1
PC2 12.8
PC3 7.8
PC4 4.8
PC5 4.6

*Similarly done for all locations*

Enter the Image ID: 7931080032

Corresponding Location of Image:  hearst_castle


Most Similar 5 Images for ID =  7931080032

USING COSINE SIMILARITY:
['10892463733', 0.9926606286346116, 'montezuma_castle']
['10796381114', 0.9722904759689344, 'pont_alexandre_iii']
['2696165073', 0.9676684883946863, 'casa_batllo']
['11367716826', 0.9674390266429652, 'altes_museum']
['11733102976', 0.9661712730462678, 'casa_rosada']

Most Similar 5 Locations for Img ID =  7931080032  and Location ID:  hearst_castle

USING COSINE SIMILARITY:
[1, 'angel_of_the_north', -0.08411032476183646]
[2, 'big_ben', -0.10191891020085866]
[4, 'la_madeleine', -0.1052281611715283]
[5, 'pont_alexandre_iii', -0.11162415219943116]
[6, 'neues_museum', -0.13483087086272014

----------------------------------------------------------------------------------------------------------------------------------------------------

SVD


Enter the reduction that you would like to perform 
 1.PCA 2.SVD 3.LDA : 2

Enter the model to be considered: GLRLM

Enter the value of k 6

Latent Semantic Term - Weight Pairs: 
k =  0   [ 0.15963964 -0.15535159 -0.16021723 -0.14985203 -0.15542208 -0.14908072
  0.13839786  0.11756779  0.12550367 -0.1784906   0.08656243  0.15899367
 -0.15659285 -0.17129217 -0.1498292  -0.18352356 -0.16130637  0.16078333
  0.1133608   0.12776452 -0.18297328  0.09984842  0.16052378 -0.15764975
 -0.16541741 -0.15211691 -0.16554053 -0.15525343  0.16323541  0.11409198
  0.12578654 -0.18437951  0.09957848  0.15881713 -0.15633074 -0.16943531
 -0.14774491 -0.18277006 -0.15819657  0.1576072   0.11666853  0.12725939
 -0.18237994  0.09727913]

k =  1   [ 0.20419685 -0.1869179   0.17030195  0.1386819   0.14046964  0.14548643
 -0.0845284   0.25306022  0.05453696 -0.07202252 -0.09716356  0.20575164
 -0.18834825  0.16167123  0.12486412  0.13654836  0.13691345 -0.06176005
  0.26106303  0.06178197 -0.07696632 -0.09457014  0.20318946 -0.18497534
  0.16565222  0.13103975  0.1236714   0.1482226  -0.05706202  0.26019395
  0.05788227 -0.05949795 -0.10090728  0.20580173 -0.18953936  0.16434826
  0.12775306  0.13848688  0.1442196  -0.06239471  0.2587417   0.06124165
 -0.07877194 -0.10035813]

k =  2   [-0.00587316 -0.00054541  0.10294144  0.009437    0.02351248  0.15502541
  0.25877449  0.08220025 -0.12460317  0.05690413  0.38022862 -0.01251833
  0.00605399  0.09814542  0.00127881  0.03396421  0.14922914  0.2014237
  0.07918228 -0.13341936  0.05556507  0.38882412 -0.00735378  0.0008998
  0.10626167  0.01643567  0.05757993  0.15404492  0.13910809  0.08789988
 -0.13593009  0.06010307  0.362142   -0.01194975  0.0055265   0.09679064
 -0.00050875  0.03222274  0.14869716  0.20180114  0.07856249 -0.1329237
  0.05264931  0.39555946]

k =  3   [ 0.02593028  0.13212848  0.09688785 -0.06132003  0.02181729  0.1095066
  0.16147714 -0.02466137  0.37008992  0.17715094 -0.06074722  0.04043471
  0.12442731  0.08286116 -0.082554    0.0298356   0.0799086   0.20075959
 -0.03512752  0.3664801   0.16649855 -0.06141497  0.02905417  0.12788745
  0.09269691 -0.0579505   0.04249807  0.08284303  0.2309341  -0.03487786
  0.3666128   0.16871265 -0.05994493  0.04276184  0.12325355  0.08348463
 -0.08366191  0.02992988  0.09218421  0.21442517 -0.02655801  0.36705023
  0.17108965 -0.04718557]

k =  4   [-0.11191848 -0.12749225  0.06779     0.31604347  0.05964765 -0.16525797
  0.09925837 -0.19204785  0.12993758 -0.16549467  0.06163567 -0.10853243
 -0.12757231  0.0735613   0.32854329  0.02284361 -0.13890298  0.12494315
 -0.19425475  0.12709714 -0.14863763  0.0700432  -0.09963379 -0.12687145
  0.09312108  0.31648154  0.0816334  -0.09640056  0.12289697 -0.1685193
  0.12187009 -0.12765008  0.06786083 -0.10882976 -0.12540449  0.07573364
  0.33265973  0.02544673 -0.13543079  0.11716693 -0.18752682  0.12784184
 -0.14541533  0.06276227]

k =  5   [ 0.18250696  0.24989182  0.10349126  0.18973435  0.26704233 -0.19820764
 -0.10316439  0.11396205 -0.06826395  0.13065094 -0.11228673  0.17800029
  0.23130345  0.04512158  0.15084415 -0.08678928 -0.24937906  0.0501008
  0.10553347 -0.03592894  0.09292223  0.086117    0.19079434  0.22173836
  0.03016289  0.12868353 -0.2042314  -0.27610029  0.06978919  0.10629508
 -0.06151858  0.05498309  0.15656678  0.18024955  0.23141519  0.04128859
  0.15641445 -0.08630163 -0.25802369  0.01399307  0.11313058 -0.04194517
  0.09000407  0.02682993]

*Similarly done for all locations*

Enter the Image ID: 2614112752

Corresponding Location of Image:  christ_the_redeemer_rio


Most Similar 5 Images for ID =  2614112752

USING COSINE SIMILARITY:
['6045528844', 0.987773009632791, 'agra_fort']
['3230913318', 0.9855062259463427, 'bok_tower_gardens']
['3200086243', 0.9826722228405811, 'bok_tower_gardens']
['5495833815', 0.982475012071546, 'berlin_cathedral']
['112244038', 0.9813227817172028, 'chichen_itza']

Most Similar 5 Locations for Img ID =  2614112752  and Location ID:  christ_the_redeemer_rio

USING COSINE SIMILARITY:
[30, 'colosseum', 1.4762941276775412]
[29, 'cologne_cathedral', 1.3677878595253163]
[28, 'civic_center_san_francisco', 1.3142511352827277]
[26, 'chichen_itza', 1.2707248014503443]
[25, 'chartres_cathedral', 1.2315465047895968

------------------------------------------------------------------------------------------------------------------------------------------------------

SVD

Enter the reduction that you would like to perform 
 1.PCA 2.SVD 3.LDA : 2

Enter the model to be considered: LBP3x3

Enter the value of k 5


Latent Semantic Term - Weight Pairs: 
k =  0   [-0.12848345 -0.05622176 -0.07466526 -0.12087405 -0.08424093 -0.1329378
 -0.02794755 -0.11799555 -0.12895677 -0.04520299 -0.13170646 -0.09897923
 -0.12067819  0.05267107 -0.05772801  0.12007249 -0.12108923 -0.05194206
 -0.06663698 -0.10694761 -0.09661642 -0.13599053 -0.00111197 -0.10258647
 -0.12606987 -0.04094978 -0.13305757 -0.10440102 -0.11131532  0.02678244
 -0.03645437  0.11138168 -0.12055909 -0.04238794 -0.07386902 -0.08824477
 -0.08242464 -0.13071015  0.00943533 -0.09653053 -0.13475658 -0.04035127
 -0.12962466 -0.0952957  -0.11763257 -0.00254609 -0.01615082  0.11406524
 -0.10964485 -0.02052986  0.00075227 -0.10412139 -0.02651196 -0.11732072
  0.04980731 -0.1118915  -0.13079916  0.0128636  -0.12386063 -0.05369158
 -0.11067067  0.06447438 -0.03138188  0.09549672 -0.10246681  0.01049184
 -0.012099   -0.08510667 -0.04995393 -0.12314369  0.05576051 -0.10305964
 -0.12379704  0.0278313  -0.12458438 -0.05942448 -0.08885977  0.05413262
  0.00879809  0.09115363 -0.08895727  0.00787374 -0.00984371 -0.0834619
 -0.04192702 -0.12316554  0.05189779 -0.1069695  -0.13341576  0.0466047
 -0.1244239  -0.04883309 -0.10612722  0.04278595  0.0108702   0.07775565
 -0.06794556  0.02797402 -0.01003929 -0.07555771 -0.00971427 -0.10673887
  0.05311745 -0.10751153 -0.11852064  0.03748307 -0.11321801 -0.02277124
 -0.08775767  0.02594217  0.01720317  0.06166517 -0.06110302  0.03958952
 -0.00019948 -0.0803549  -0.01507581 -0.11038592  0.0627245  -0.1039218
 -0.11383207  0.04837311 -0.11292224 -0.02490157 -0.08894547  0.03701021
  0.01839431  0.04662585 -0.05411738  0.04803189 -0.01117447 -0.06977704
 -0.02969393 -0.11183621  0.0459357  -0.1087235  -0.12122923  0.0269434
 -0.11542226 -0.03219697 -0.09174483  0.01882506  0.03488089  0.05266684]

k =  1   [ 0.07790663 -0.02541779  0.15082045  0.05185662  0.12490176  0.08229748
  0.13211673  0.0444439   0.05269077  0.09980032  0.08350856  0.11297065
  0.06366687  0.07923399 -0.01323213 -0.10771976  0.10470557  0.00802676
  0.14876953  0.07737363  0.13316773  0.10894022  0.12452001  0.07180972
  0.10033002  0.1356601   0.10322062  0.13268273  0.11051301  0.09899774
  0.01295173 -0.14024644  0.06768883 -0.00730558  0.12805281  0.0444732
  0.11672325  0.07537151  0.13133825  0.0402815   0.06151215  0.1346339
  0.06801712  0.1184962   0.07030738  0.09994631  0.00017827 -0.11601935
 -0.07144768 -0.0929227   0.08884185 -0.04518353  0.0476218  -0.02870022
  0.11953533 -0.02940519 -0.05891533  0.09202341 -0.03509588  0.0494905
 -0.06878368  0.09908616 -0.08491551  0.00746685 -0.07427536 -0.09110178
  0.0975985  -0.05612836  0.04481531 -0.03386717  0.1149078  -0.03295901
 -0.05203727  0.12028263 -0.03666657  0.04886684 -0.05562137  0.12798695
 -0.08294539 -0.01115485 -0.06534104 -0.08975015  0.09918139 -0.02733696
  0.04616222 -0.0359831   0.09879871 -0.01303396 -0.05010568  0.10479696
 -0.02945512  0.05186912 -0.03613123  0.09712337 -0.0583878  -0.01656437
 -0.12331444 -0.06432616  0.05787346 -0.06350517  0.03235941 -0.05999798
  0.09675303 -0.0509577  -0.09683987  0.08997412 -0.0707603   0.03142069
 -0.09600711  0.09925855 -0.07442736  0.05972205 -0.12949627 -0.04455281
  0.0498213  -0.08659548  0.02291485 -0.08208382  0.1026756  -0.08288014
 -0.10847869  0.09494089 -0.09637836  0.01957166 -0.11257686  0.09962667
 -0.04990263  0.06563279 -0.12184132 -0.05442057  0.0530014  -0.07294166
  0.03184353 -0.0831865   0.11887908 -0.07696535 -0.10818457  0.10141132
 -0.09140997  0.03055844 -0.09934152  0.08570896 -0.04219263  0.0496268 ]

k =  2   [ 0.09904778  0.1180986   0.04788458  0.09070107  0.00129179  0.04172792
  0.01653025  0.04863228  0.05729751  0.04001079  0.04335072  0.01339075
  0.08505771  0.01518286  0.11753546 -0.09980885  0.09033947  0.11369723
  0.04507977  0.09417839  0.02268067  0.03804739  0.06020667  0.05488201
  0.05297914  0.06960282  0.03839694  0.02682683  0.07949272  0.01927083
  0.09374606 -0.1011764   0.07469962  0.11249239  0.0252636   0.08498858
  0.00184666  0.00286373  0.03606655  0.04928471  0.04509804  0.04909244
  0.01054238  0.01488433  0.07602446  0.0031734   0.03095668 -0.07620078
  0.06232541  0.13055957 -0.02086774  0.05143692 -0.10601005 -0.05271689
 -0.02217629 -0.0104678   0.00219672 -0.00267017 -0.04070775 -0.10386601
  0.0382985  -0.0368847   0.13648444 -0.04481913  0.01238956  0.11051684
 -0.0626075   0.02975061 -0.11537736 -0.06649883 -0.01412937 -0.01655867
 -0.01326065 -0.00501922 -0.06871451 -0.12203169  0.01253021 -0.04581005
  0.11577833  0.00604585  0.01887536  0.11928129 -0.05608237  0.02304761
 -0.10994206 -0.08244192 -0.01630538 -0.05445883 -0.03574147 -0.00621539
 -0.08200458 -0.12006799 -0.00257097 -0.03405139  0.10798478  0.00580407
  0.01788378  0.18611008 -0.12643382  0.01244493 -0.1441657  -0.13162233
 -0.0529119  -0.07588993 -0.06741991 -0.04557965 -0.12241335 -0.16084744
 -0.02664217 -0.12223423  0.1771258   0.04736686  0.00818307  0.18974464
 -0.12995186 -0.00434825 -0.15657701 -0.1194197  -0.07579566 -0.07872151
 -0.07680979 -0.06191163 -0.12025233 -0.16087952 -0.03293391 -0.10234917
  0.1642217   0.0610565   0.00782168  0.17746337 -0.11029191  0.00702724
 -0.17322649 -0.11422442 -0.07459863 -0.06680231 -0.06371299 -0.07094615
 -0.11567937 -0.17831101 -0.03318687 -0.07929763  0.16188506  0.05870394]

k =  3   [-0.1041007  -0.13003448 -0.02740765 -0.09144879 -0.06422951 -0.03712544
 -0.05641737 -0.03811997 -0.09480743 -0.08140884 -0.04608711 -0.06390779
 -0.11940249  0.03374039 -0.12189626  0.1180842  -0.01471047 -0.09422688
  0.08864616 -0.00092646 -0.00828602  0.0346349   0.0337543   0.05142785
 -0.00973104 -0.04503473  0.04382108 -0.00282986 -0.020104    0.06188046
 -0.07237151  0.00978262  0.05580298 -0.03408383  0.11113193  0.06213654
  0.04519865  0.09194815  0.01753139  0.10198715  0.08356952  0.03564069
  0.08890484  0.05608701  0.07024306  0.10125967 -0.07264151 -0.06347082
 -0.13817958 -0.10774297 -0.04371636 -0.07039788 -0.11575805 -0.02124557
 -0.09340457  0.02441719 -0.07086575 -0.12329815 -0.02526303 -0.11605525
 -0.11480187  0.00548386 -0.10858867  0.19626874 -0.0503223  -0.15396281
  0.11177698  0.00594717 -0.0291087   0.08780981 -0.00934126  0.09089784
  0.01168735 -0.09713143  0.10782977 -0.02806827 -0.03073249  0.06649858
 -0.12503464  0.07016566  0.04177927 -0.09359567  0.09047719  0.08116873
 -0.00495333  0.12124007 -0.04871009  0.10846317  0.09190549 -0.040449
  0.11214704  0.02141215  0.05678853  0.09047385 -0.13244989 -0.02309881
 -0.10986783  0.00477956 -0.0992674  -0.03702445 -0.18194432 -0.01403034
 -0.09846984  0.02838282 -0.02609173 -0.1457905  -0.00809188 -0.1714306
 -0.05326305 -0.05934377  0.00054178  0.21697284 -0.08556561 -0.01681405
 -0.01822793  0.02156153 -0.17712491  0.04595612 -0.10643439  0.07268634
  0.02891912 -0.16817929  0.04364696 -0.17531782 -0.01263548 -0.04046114
 -0.01715186  0.17077424 -0.06474116 -0.04290968 -0.04665262  0.0122431
 -0.10914572  0.02705266 -0.09459525  0.04843788  0.01985562 -0.09820785
  0.03099026 -0.1064066   0.01433791  0.0043552  -0.02907307  0.13337228]

k =  4   [ 0.04495758 -0.03912847  0.02620926  0.08372255  0.02139819  0.11210465
 -0.06848899  0.14789329  0.15955154 -0.02690615  0.11765449  0.04047494
  0.1178831  -0.01011572 -0.0183215  -0.04183066 -0.00262185 -0.10040936
 -0.00275685  0.03432951  0.05277876  0.08290079 -0.02617905  0.12819674
  0.12556445 -0.00485476  0.08601816  0.05800904  0.06847835 -0.00272111
 -0.04073212 -0.01087949 -0.15144778 -0.12293317 -0.12321057 -0.10735023
 -0.11621933 -0.09963994 -0.03053382 -0.033912   -0.08743256 -0.13334524
 -0.08813365 -0.11743154 -0.10359859 -0.09848543  0.08094645  0.14324709
 -0.04251757 -0.05389404 -0.04357239  0.0787596  -0.04388994  0.0830902
 -0.0965409   0.14771265  0.11650401 -0.08458737  0.07007196 -0.0248596
  0.09162434 -0.00344292 -0.03406207  0.03515669 -0.09945512 -0.09049378
 -0.10037137  0.05243219  0.00940698  0.0643825  -0.05899537  0.16381053
  0.12780854 -0.00785929  0.04749454  0.02010164  0.0725198   0.00480356
 -0.10974228  0.08071446 -0.23505634 -0.11765518 -0.13519257 -0.09513205
 -0.11301538 -0.08072566  0.05500579  0.04849633 -0.08501269 -0.09789837
 -0.09143525 -0.11234301 -0.16111536 -0.06784017 -0.01945211  0.26438981
 -0.09436832 -0.05489043 -0.03932334 -0.00930672  0.02992782  0.01482942
 -0.06788689  0.0328824   0.01642476 -0.04893598 -0.00510284  0.00820445
  0.00745977  0.03097332 -0.0452695   0.09424049 -0.11407982 -0.0362106
 -0.10962483 -0.02471825  0.01776311 -0.01279234 -0.04258636  0.02619661
  0.03134047  0.01415306 -0.02946739  0.00916286  0.0011474  -0.01219032
 -0.05396064  0.10719908 -0.14331403 -0.03576385 -0.09964835 -0.05038061
 -0.018265   -0.0458038  -0.00999972  0.02445791 -0.04821519 -0.02094918
 -0.0542255  -0.02860608 -0.10428276 -0.05845688 -0.08099972  0.1766122 ]

*Similarly done for all locations*
 
Enter the Image ID: 7931080032

Corresponding Location of Image:  hearst_castle


Most Similar 5 Images for ID =  7931080032

USING COSINE SIMILARITY:
['10892463733', 0.9926614557638825, 'montezuma_castle']
['10796381114', 0.972290199410724, 'pont_alexandre_iii']
['2696165073', 0.9676628693651319, 'casa_batllo']
['11367716826', 0.967434298173719, 'altes_museum']
['11733102976', 0.9661705541429139, 'casa_rosada']

Most Similar 5 Locations for Img ID =  7931080032  and Location ID:  hearst_castle

USING COSINE SIMILARITY:
[1, 'angel_of_the_north', -0.08410945999788658]
[2, 'big_ben', -0.10191861499650044]
[4, 'la_madeleine', -0.10522779773620893]
[5, 'pont_alexandre_iii', -0.11162359097818243]
[6, 'neues_museum', -0.13483033553603985]

------------------------------------------------------------------------------------------------------------------------------------------------------

LDA

Enter the reduction that you would like to perform 
 1.PCA 2.SVD 3.LDA : 3

Enter the model to be considered: GLRLM

Enter the value of k 6


LDA for Location:  colosseum


Latent Semantic Term - Weight Pairs: 
topic =  0 => [2.26801889e+00 2.15561694e+02 1.14774721e+05 7.69733401e+04
 7.91460459e+01 5.28067663e+00 1.28983921e+04 1.21254461e+00
 5.84103293e+02 1.06470885e+02 5.19463713e+05 2.00302849e+00
 1.98896199e+02 1.54301709e+05 1.11678823e+05 1.36166101e+02
 5.57830681e+00 4.66834541e+03 1.17325178e+00 2.26905476e+02
 1.13867793e+02 1.90422125e+05 1.84294966e+00 2.04306525e+02
 1.11766951e+05 8.02658352e+04 1.11973006e+02 4.84764199e+00
 7.05194013e+03 1.22530959e+00 4.09408647e+02 1.07166097e+02
 2.82894759e+05 1.99348596e+00 2.11648002e+02 1.45548659e+05
 9.10373164e+04 1.44930039e+02 5.54330618e+00 4.41813821e+03
 1.30686474e+00 2.27705305e+02 1.17558173e+02 1.76165372e+05]

topic =  1 => [2.17203719e+00 4.88919244e+02 7.81482468e+05 1.76954750e+05
 4.26388139e+02 1.07083015e+01 2.74732863e+03 2.26927373e+00
 9.02036055e+01 3.37406561e+02 1.14293547e+05 2.85566029e+00
 4.09039088e+02 9.79948573e+05 2.42861556e+05 6.14210474e+02
 1.52658560e+01 7.68294827e+02 2.03460752e+00 3.99835383e+01
 3.49540686e+02 3.62031024e+04 2.74450137e+00 4.08626917e+02
 8.65452595e+05 2.60022784e+05 5.30046697e+02 1.44317300e+01
 8.56887743e+02 2.18884924e+00 5.63940382e+01 3.10366571e+02
 3.72402234e+04 2.30754114e+00 4.37410246e+02 1.01500661e+06
 2.39133180e+05 7.15625216e+02 1.07954675e+01 8.94304072e+02
 2.09138524e+00 3.65213275e+01 3.36352882e+02 2.87096120e+04]

topic =  2 => [5.68729914e+00 3.17642922e+02 5.10165177e+04 1.50035738e+05
 1.45971989e+02 1.17484683e+01 7.60002242e+03 2.58289490e+00
 4.19660527e+03 1.34694788e+02 3.68710777e+04 5.77969331e+00
 2.76575448e+02 6.43382979e+04 1.83315410e+05 1.93081168e+02
 1.21184432e+01 3.92422743e+03 2.49197953e+00 2.07508478e+03
 1.31245865e+02 2.49645301e+04 6.17859942e+00 2.95838590e+02
 5.57616712e+04 1.47646684e+05 1.59090573e+02 1.25810154e+01
 8.12122761e+03 2.42577180e+00 4.44098769e+03 1.22572884e+02
 5.20295560e+04 5.97830616e+00 2.72815939e+02 9.07031306e+04
 2.00517802e+05 2.27767705e+02 1.28584339e+01 3.90723248e+03
 2.76973864e+00 2.01490802e+03 1.26640502e+02 2.20104055e+04]

topic =  3 => [3.75955266e+00 3.01292748e+02 7.96591782e+04 9.25905541e+04
 1.80197787e+02 1.61852980e+01 4.76255072e+03 2.12234213e+00
 4.11039037e+01 2.04785535e+02 3.12544221e+05 3.64493403e+00
 3.32999737e+02 1.80308830e+05 8.77657420e+04 3.61100156e+02
 1.53649885e+01 5.13064495e+02 2.18469595e+00 9.17572645e+00
 2.12842631e+02 3.33522082e+04 3.90032358e+00 3.33587740e+02
 1.35598381e+05 8.36318637e+04 2.94928979e+02 1.58195589e+01
 4.04569905e+02 2.36320643e+00 6.54376240e+00 2.29345507e+02
 3.14724831e+04 3.76130985e+00 3.47933398e+02 1.67249228e+05
 1.10663869e+05 3.33252405e+02 1.67910889e+01 5.74575209e+02
 2.41964731e+00 8.66051073e+00 2.08905331e+02 3.51075285e+04]

topic =  4 => [8.60067375e+00 1.59921964e+03 2.03508721e+06 1.01335276e+06
 1.54822140e+03 4.65236397e+01 4.40616981e+03 4.05484359e+00
 1.29594045e+03 1.00754276e+03 8.89932915e+04 8.31340167e+00
 1.65179842e+03 2.66944349e+06 1.14666870e+06 2.26432498e+03
 4.61452372e+01 1.87371370e+03 4.88688653e+00 6.22669642e+02
 1.08515055e+03 3.19238728e+04 7.76526112e+00 1.66231777e+03
 2.16788562e+06 9.98641935e+05 1.79494453e+03 4.39634613e+01
 3.13305533e+03 4.10008497e+00 1.24252279e+03 1.06910282e+03
 5.29872071e+04 8.64382924e+00 1.64566746e+03 2.59095599e+06
 1.11283899e+06 2.17652174e+03 4.94469485e+01 1.83193873e+03
 4.73399500e+00 6.02556818e+02 1.09608058e+03 3.53546482e+04]

topic =  5 => [3.11860665e+00 2.81650405e+02 2.49518686e+05 1.11923177e+05
 2.41248300e+02 1.04088766e+01 1.47667801e+03 2.04728152e+00
 4.19395766e+01 1.79228782e+02 4.87082453e+04 3.21855258e+00
 3.67778551e+02 2.71776863e+05 1.06003236e+05 3.24895448e+02
 1.27117409e+01 1.05795293e+03 2.40855798e+00 3.35228333e+01
 2.12914092e+02 5.47563734e+04 2.77569184e+00 3.42885454e+02
 1.71262889e+05 9.02563601e+04 1.73610972e+02 1.02719288e+01
 2.84470584e+03 1.80883581e+00 6.83550877e+01 1.68677703e+02
 1.31851891e+05 3.09957286e+00 3.21725597e+02 2.54243427e+05
 1.19478249e+05 2.78288122e+02 1.13369677e+01 8.58017985e+02
 1.87961999e+00 2.89114910e+01 2.11034942e+02 6.43789899e+04]


Enter the Image ID: 2614112752

Corresponding Location of Image:  christ_the_redeemer_rio


Most Similar 5 Images for ID =  2614112752

USING COSINE SIMILARITY:
['9099219295', 0.9991369463283305, 'castillo_de_san_marcos']
['4849516402', 0.9958593882120981, 'angkor_wat']
['2973556560', 0.9957246052231086, 'angkor_wat']
['27483952', 0.9942000871948647, 'big_ben']
['5866538178', 0.9941310877271108, 'aztec_ruins']

Most Similar 5 Locations for Img ID =  2614112752  and Location ID:  christ_the_redeemer_rio

USING COSINE SIMILARITY:
[30, 'colosseum', 19.099751078529223]
[29, 'cologne_cathedral', 17.7507523873446]
[28, 'civic_center_san_francisco', 17.179667530111455]
[26, 'chichen_itza', 16.313465407298022]
[25, 'chartres_cathedral', 15.75738542127948]





LDA for Location:  colosseum


Latent Semantic Term - Weight Pairs: 
topic =  0 => [2.69223069 1.58650528 1.26683303 0.89910956 1.09355429 0.78558331
 1.37879117 1.10671381 0.98000514 1.32690419 0.80840329 1.11189291
 0.82474074 1.65039179 1.77510603 6.02944638 2.67739563 1.63156402
 1.16315464 0.85297511 1.11087743 0.81238794 1.29584054 1.03052051
 0.9033934  1.21008389 0.67517373 1.07824715 0.85655922 1.55654518
 1.7063764  6.42380203 2.63929294 1.51208    1.24690964 0.87395701
 0.9990474  0.78990065 1.40350728 1.10545102 0.9230207  1.18975921
 0.73735381 1.09378254 0.8360144  1.60583413 1.75087955 6.13480043
 3.30669659 1.70206616 1.37566596 1.02358093 1.2158337  0.85583731
 1.39108319 1.13719824 0.9897976  1.39259832 0.783874   1.18313316
 1.04332729 1.62305141 1.69448103 4.59277681 3.34904854 1.81882427
 1.40856205 0.91405672 1.23404744 0.87929417 1.3921163  1.18080772
 0.9987068  1.38733255 0.77740433 1.25720335 0.96445555 1.50653963
 1.75663905 4.40772485 3.21113498 1.73979615 1.40911213 1.05301366
 1.18034358 0.79079416 1.42708957 1.10629083 0.99338985 1.43249273
 0.75493257 1.23046739 0.90340329 1.47965797 1.77203011 4.56253405
 3.36868468 1.80089733 1.4342604  0.93732789 1.17117668 0.7799307
 1.36877612 1.03150026 0.98528232 1.33647532 0.7568244  1.2170116
 0.96528608 1.60662998 1.78777124 4.41074711 3.42878289 1.8304863
 1.40941464 1.00441466 1.18532422 0.78885056 1.3653226  1.10019962
 1.08374289 1.34782619 0.76134071 1.19168173 1.05802631 1.49853665
 1.78096452 4.34906181 3.37005563 1.78887813 1.32308872 0.9644888
 1.18242227 0.82824468 1.38950105 1.16337878 1.06100576 1.41145876
 0.79064642 1.20681777 1.00949615 1.52072534 1.80052611 4.29568287]

topic =  1 => [0.65419373 0.60720075 0.49138832 0.57059013 0.52637903 0.53380869
 0.4841873  0.55922214 0.53337928 0.5644549  0.61937177 0.56831247
 0.56570232 0.56788996 0.49894947 0.8671797  0.59953501 0.6432301
 0.51578802 0.59695323 0.52398779 0.51608254 0.66527567 0.5094781
 0.54907164 0.58307009 0.51911617 0.56718094 0.53780132 0.54435807
 0.52560456 0.71316355 0.6648169  0.5668321  0.55576665 0.59202118
 0.53702255 0.54041724 0.55919458 0.54812488 0.55662278 0.52084182
 0.49058179 0.54036273 0.51492983 0.61093991 0.60980082 0.71203191
 0.57855244 0.59965234 0.610089   0.52658259 0.52657556 0.49054615
 0.54441552 0.54101017 0.53535451 0.5677859  0.50708772 0.49877907
 0.51831533 0.55105675 0.56104649 0.7373417  0.69500046 0.59808302
 0.56406966 0.55248126 0.54546342 0.49369861 0.60089372 0.54119609
 0.57661566 0.5010243  0.47208386 0.57313201 0.54599832 0.50691582
 0.65420902 0.70049007 0.6411449  0.51759062 0.60245989 0.59430867
 0.52974197 0.49441332 0.49658111 0.56801214 0.5837337  0.56231593
 0.48167946 0.58821468 0.62093678 0.60013967 0.64833659 0.77907945
 0.69986202 0.60696905 0.56202247 0.5501254  0.53197348 0.55174511
 0.59579435 0.56529545 0.58583285 0.56100358 0.52285702 0.50951656
 0.58196961 0.56880861 0.54625503 0.69026539 0.67961974 0.5962949
 0.54428317 0.46187016 0.53364871 0.50019122 0.54110041 0.66127032
 0.46239556 0.57066595 0.52723512 0.52751081 0.60141474 0.53284932
 0.6157978  0.74171601 0.69634825 0.48249239 0.62935702 0.57099528
 0.55272364 0.54711314 0.61066125 0.60988151 0.67215853 0.5577903
 0.49723685 0.55215291 0.59249589 0.55567105 0.51887264 0.63465535]

topic =  2 => [0.58310502 0.59511691 0.50537602 0.53678561 0.54317535 0.60242607
 0.46786671 0.49538158 0.53913998 0.4973855  0.43708903 0.5683628
 0.58289332 0.53826671 0.52460325 0.56498161 0.55415599 0.48731722
 0.51689317 0.5120115  0.58088604 0.50137661 0.57398446 0.52061088
 0.50204512 0.5888056  0.4745431  0.50070411 0.53724121 0.46570923
 0.5070159  0.58226325 0.54672944 0.55782475 0.53479771 0.56253354
 0.49936261 0.48282087 0.45777117 0.50427578 0.48364267 0.56615081
 0.5180947  0.54994592 0.55193242 0.55336242 0.55073501 0.59215666
 0.53131233 0.5281761  0.47353433 0.54652105 0.47668884 0.5039564
 0.53868029 0.51558596 0.55656258 0.57143788 0.53696327 0.54666736
 0.55726691 0.52012544 0.5217182  0.50837816 0.5482272  0.53693246
 0.5539005  0.51485481 0.49544692 0.53776809 0.53064796 0.58910848
 0.57472895 0.49373448 0.5714194  0.52923756 0.54108126 0.44710004
 0.54666203 0.57772331 0.53666652 0.49864688 0.49682282 0.47934596
 0.51397348 0.50185935 0.45737309 0.54709634 0.45524754 0.49623927
 0.49069525 0.57526428 0.50587746 0.58459763 0.51034394 0.44895346
 0.55117436 0.64383087 0.47651534 0.46092636 0.51813281 0.49666048
 0.54189012 0.57825173 0.49895966 0.58090193 0.56772227 0.53093034
 0.50079363 0.56527851 0.50744345 0.54431295 0.51919289 0.51870554
 0.51819865 0.5087359  0.46975403 0.49264681 0.56859047 0.55551109
 0.50940516 0.50083386 0.63905692 0.44671427 0.55195362 0.48455871
 0.4902284  0.51071942 0.52023744 0.56129862 0.46370862 0.54247455
 0.55156175 0.60089718 0.5639774  0.50224614 0.53159733 0.47242187
 0.55775562 0.53374159 0.52472192 0.53520717 0.51693176 0.55933644]

topic =  3 => [0.51241098 0.54604326 0.53052237 0.51768845 0.59678696 0.54919256
 0.55493756 0.53865027 0.47705482 0.53284712 0.49659553 0.53066778
 0.49510121 0.59472348 0.5410942  0.53411042 0.61329962 0.57071147
 0.57498003 0.54809202 0.46613434 0.52280647 0.57894851 0.50655869
 0.50371275 0.60782015 0.49397916 0.53369892 0.52966005 0.53798724
 0.505693   0.55154592 0.56478852 0.63706011 0.5489442  0.5733356
 0.53466919 0.56405404 0.5548113  0.54527328 0.5707861  0.62850988
 0.5592572  0.51026938 0.49966338 0.53827264 0.52441867 0.52800996
 0.48937595 0.52305939 0.58522651 0.53714018 0.5336774  0.53218192
 0.53027183 0.5452734  0.57819927 0.5089951  0.55746639 0.49130182
 0.53171322 0.46739688 0.54198305 0.55964695 0.59583761 0.51762662
 0.50922287 0.55073459 0.47694981 0.61532875 0.50098646 0.47167247
 0.47418145 0.50685827 0.54357697 0.54095996 0.50888611 0.49046538
 0.50573302 0.51172338 0.50599302 0.5801734  0.55077557 0.52365496
 0.48134291 0.58311091 0.5384126  0.63706015 0.54628993 0.59796465
 0.59735207 0.52211404 0.51761488 0.50461138 0.4977592  0.64521596
 0.52391317 0.51764282 0.55181047 0.5864427  0.53011869 0.53976922
 0.55536478 0.52809351 0.59228197 0.51769141 0.56505573 0.50077779
 0.51503517 0.57802465 0.51794564 0.56527783 0.58565714 0.5739609
 0.54401094 0.58999907 0.51639934 0.49403381 0.54985198 0.52620974
 0.49339143 0.55244454 0.51176285 0.5641521  0.5475234  0.54408997
 0.55183947 0.58905034 0.50830489 0.52487035 0.51847023 0.53504659
 0.54309638 0.53619864 0.55923579 0.46161589 0.49094483 0.60820004
 0.49631854 0.49736535 0.53852984 0.54053645 0.52173697 0.52582644]

topic =  4 => [0.50460655 0.49416499 0.50228826 0.53611173 0.56364477 0.57228328
 0.55202515 0.46311455 0.55486883 0.58225933 0.54438954 0.50784301
 0.50159826 0.5036126  0.53139371 0.6498232  0.49597967 0.59349703
 0.54273161 0.48230749 0.53549375 0.54281449 0.54789911 0.55071419
 0.52750111 0.47846242 0.53103408 0.57247137 0.49561913 0.5525118
 0.52335465 0.58021727 0.53474079 0.50696975 0.5635643  0.53355048
 0.46872808 0.49799512 0.56730944 0.52995153 0.48569099 0.53398023
 0.50431167 0.51986144 0.58434492 0.55894187 0.56967688 0.53238268
 0.5501844  0.5562006  0.59468041 0.52311115 0.49337592 0.50407192
 0.57627371 0.52679984 0.48627276 0.53742799 0.52293923 0.52336602
 0.5387027  0.54257209 0.4816762  0.52199701 0.59100937 0.52966318
 0.5294708  0.52556455 0.586395   0.52002342 0.54621958 0.55393345
 0.53387859 0.54883712 0.59968824 0.4730665  0.57006595 0.56867008
 0.57651548 0.58532692 0.56886072 0.54657945 0.56967257 0.52493339
 0.61397049 0.52541052 0.51352865 0.5753899  0.51924709 0.52150024
 0.53893583 0.5787174  0.51957315 0.58809131 0.53328411 0.54940469
 0.62130461 0.58535766 0.46016589 0.55567141 0.49772805 0.45361704
 0.4910152  0.48476428 0.56862019 0.50044333 0.55100316 0.55056769
 0.53803922 0.57731648 0.57161531 0.59592317 0.57063734 0.52608801
 0.52883935 0.56313002 0.50305077 0.54100683 0.50502379 0.60822974
 0.57196915 0.54551454 0.50612398 0.4902619  0.55207727 0.55141114
 0.56086041 0.5936242  0.54587459 0.47372717 0.58207213 0.55629063
 0.42963753 0.57693274 0.5145773  0.51417732 0.5168295  0.62654633
 0.54894373 0.54922762 0.4743746  0.62249813 0.61244438 0.53708216]

------------------------------------------------------------------------------------------------------------------------------------------------------

LDA

Enter the reduction that you would like to perform 
 1.PCA 2.SVD 3.LDA : 3

Enter the model to be considered: LBP3x3

Enter the value of k 5

 Enter the Image ID: 7931080032

Corresponding Location of Image:  hearst_castle


Most Similar 5 Images for ID =  7931080032

USING COSINE SIMILARITY:
['4423591761', 0.9999999996377705, 'cologne_cathedral']
['12394813545', 0.9999999995987795, 'casa_rosada']
['12283189364', 0.9999999995749774, 'arc_de_triomphe']
['1850421881', 0.9999999994259935, 'civic_center_san_francisco']
['10796287025', 0.9999999993754329, 'pont_alexandre_iii']

Most Similar 5 Locations for Img ID =  7931080032  and Location ID:  hearst_castle

USING COSINE SIMILARITY:
[30, 'colosseum', 29.027666684659]
[29, 'cologne_cathedral', 26.986099370036055]
[28, 'civic_center_san_francisco', 25.98609998388656]
[27, 'christ_the_redeemer_rio', 24.73540395319389]
[26, 'chichen_itza', 23.656287549204567]